time (s)	coil I (A)	last det (V)	int current (uC)
1061.671983	1.630759	0.096881	949.101868
1061.673042	1.901235	0.096881	2962.510010
1061.673931	1.849336	0.096881	4606.569824
1061.674884	1.787768	0.096881	6310.313477
1061.675961	1.720770	0.096881	8163.583008
1061.676901	1.664696	0.096881	9728.397461
1061.677763	1.615162	0.096881	11120.667969
1061.678826	1.559000	0.096881	12777.884766
1061.679851	0.408699	0.096881	13196.800781
1061.680727	0.090846	0.096881	13276.381836
1061.681604	0.090853	0.096881	13356.060547
1061.682573	0.091011	0.096881	13444.250000
1061.683517	0.090941	0.096881	13530.098633
1061.684430	0.090963	0.096881	13613.148437
1061.685304	0.090798	0.096881	13692.505859
1061.686330	0.091000	0.096881	13785.872070
1061.687221	0.090897	0.096881	13866.861328
1061.688093	0.090974	0.096881	13946.190430
1061.688992	0.090978	0.096881	14027.979492
1062.702277	1.591399	0.120056	888.000610
1062.703259	1.906663	0.120056	2760.343262
1062.704143	1.856041	0.120056	4401.083496
1062.705005	1.796913	0.120056	5950.022461
1062.706150	1.729541	0.120056	7930.346680
1062.707049	1.674895	0.120056	9436.077148
1062.707919	1.625321	0.120056	10850.106445
1062.709007	1.566544	0.120056	12554.506836
1062.709990	0.680944	0.120056	13223.874023
1062.710855	0.091091	0.120056	13302.667969
1062.711903	0.090963	0.120056	13397.997070
1062.712927	0.090934	0.120056	13491.113281
1062.713811	0.090916	0.120056	13571.482422
1062.714747	0.090948	0.120056	13656.610352
1062.715806	0.090948	0.120056	13752.924805
1062.716749	0.090879	0.120056	13838.624023
1062.717605	0.090875	0.120056	13916.413086
1062.718637	0.090996	0.120056	14010.321289
1062.719651	0.090912	0.120056	14102.505859
1063.759646	1.495096	0.098069	683.259094
1063.760523	1.913771	0.098069	2361.635986
1063.761504	1.862304	0.098069	4188.555664
1063.762573	1.793481	0.098069	6105.787109
1063.763494	1.735272	0.098069	7703.972656
1063.764361	1.681824	0.098069	9162.113281
1063.765452	1.621139	0.098069	10930.775391
1063.766450	1.566504	0.098069	12494.146484
1063.767356	0.838400	0.098069	13253.736328
1063.768357	0.092153	0.098069	13345.981445
1063.769402	0.090806	0.098069	13440.873047
1063.770292	0.090923	0.098069	13521.793945
1063.771171	0.090820	0.098069	13601.625000
1063.772263	0.091069	0.098069	13701.072266
1063.773228	0.090912	0.098069	13788.801758
1063.774095	0.090912	0.098069	13867.622070
1063.775135	0.090927	0.098069	13962.185547
1063.776161	0.090864	0.098069	14055.412109
1063.777043	0.090890	0.098069	14135.577148
1064.790784	1.457095	0.107588	619.265259
1064.791862	1.906875	0.107588	2674.876465
1064.792867	1.850753	0.107588	4534.883789
1064.793748	1.792980	0.107588	6114.499023
1064.794631	1.737623	0.107588	7648.820312
1064.795623	1.679810	0.107588	9315.191406
1064.796565	1.624673	0.107588	10845.632812
1064.797474	1.575187	0.107588	12277.477539
1064.798352	1.102192	0.107588	13245.202148
1064.799382	0.094036	0.107588	13342.058594
1064.800280	0.090791	0.107588	13423.588867
1064.801150	0.090791	0.107588	13502.577148
1064.802085	0.090963	0.107588	13587.627930
1064.803067	0.090813	0.107588	13676.806641
1064.803976	0.090853	0.107588	13759.392578
1064.804858	0.090923	0.107588	13839.586914
1064.805878	0.090820	0.107588	13932.223633
1064.806770	0.090802	0.107588	14013.218750
1064.807643	0.090981	0.107588	14092.645508
1065.848290	1.546428	0.097598	796.410522
1065.849310	1.905604	0.097598	2740.126953
1065.850209	1.854675	0.097598	4407.479980
1065.851173	1.792895	0.097598	6135.831055
1065.852226	1.725941	0.097598	7953.247070
1065.853166	1.670607	0.097598	9523.617187
1065.854033	1.620626	0.097598	10928.700195
1065.855096	1.563721	0.097598	12590.935547
1065.856117	0.538846	0.097598	13141.097656
1065.857008	0.090817	0.097598	13222.015625
1065.857984	0.090919	0.097598	13310.752930
1065.859039	0.090934	0.097598	13406.688477
1065.859953	0.090861	0.097598	13489.735352
1065.860814	0.090912	0.097598	13568.010742
1065.861894	0.090978	0.097598	13666.266602
1065.862878	0.090908	0.097598	13755.720703
1065.863756	0.090883	0.097598	13835.515625
1065.864754	0.090916	0.097598	13926.249023
1065.865803	0.090850	0.097598	14021.549805
1066.877435	1.468107	0.105163	623.945374
1066.878526	1.906395	0.105163	2703.822510
1066.879513	1.851427	0.105163	4531.180664
1066.880381	1.794423	0.105163	6088.739258
1066.881407	1.730695	0.105163	7864.431641
1066.882471	1.668018	0.105163	9639.202148
1066.883358	1.616957	0.105163	11073.442383
1066.884260	1.566800	0.105163	12486.696289
1066.885367	0.591379	0.105163	13141.353516
1066.886300	0.090747	0.105163	13226.020508
1066.887203	0.090897	0.105163	13308.100586
1066.888080	0.090886	0.105163	13387.807617
1066.889096	0.090879	0.105163	13480.140625
1066.889991	0.090839	0.105163	13561.441406
1066.890869	0.090945	0.105163	13641.291016
1066.891756	0.090908	0.105163	13721.926758
1066.892777	0.090857	0.105163	13814.691406
1066.893701	0.090901	0.105163	13898.683594
1066.894578	0.090890	0.105163	13978.393555
1067.935904	1.503190	0.105796	692.970459
1067.936789	1.913738	0.105796	2386.628418
1067.937758	1.862662	0.105796	4191.548340
1067.938816	1.794672	0.105796	6090.310547
1067.939739	1.735939	0.105796	7692.582031
1067.940611	1.681780	0.105796	9159.093750
1067.941702	1.622179	0.105796	10928.890625
1067.942682	1.568247	0.105796	12465.772461
1067.943581	0.887981	0.105796	13264.067383
1067.944596	0.092919	0.105796	13358.379883
1067.945647	0.090905	0.105796	13453.920898
1067.946527	0.090883	0.105796	13533.897461
1067.947406	0.091011	0.105796	13613.895508
1067.948502	0.091062	0.105796	13713.699219
1067.949464	0.090879	0.105796	13801.125000
1067.950323	0.090970	0.105796	13879.268555
1067.951343	0.091014	0.105796	13972.103516
1067.952394	0.090974	0.105796	14067.717773
1067.953266	0.090948	0.105796	14147.024414
1068.964939	1.526001	0.114517	766.052490
1068.965923	1.907443	0.114517	2642.976074
1068.966830	1.857129	0.114517	4327.391602
1068.967823	1.793243	0.114517	6108.082031
1068.968882	1.727530	0.114517	7937.537109
1068.969776	1.673437	0.114517	9433.589844
1068.970672	1.621055	0.114517	10886.054687
1068.971765	1.563347	0.114517	12594.792969
1068.972733	0.628348	0.114517	13203.034180
1068.973599	0.091025	0.114517	13281.862305
1068.974650	0.090970	0.114517	13377.472656
1068.975669	0.090901	0.114517	13470.100586
1068.976564	0.090853	0.114517	13551.414062
1068.977500	0.090905	0.114517	13636.500977
1068.978539	0.090890	0.114517	13730.935547
1068.979473	0.090901	0.114517	13815.836914
1068.980391	0.090853	0.114517	13899.240234
1068.981256	0.090908	0.114517	13977.875977
1068.982293	0.090912	0.114517	14072.151367
1070.025877	1.473032	0.098738	655.499329
1070.026744	1.914240	0.098738	2315.145020
1070.027753	1.862102	0.098738	4194.005859
1070.028804	1.795203	0.098738	6080.763672
1070.029706	1.737023	0.098738	7647.558105
1070.030627	1.681952	0.098738	9196.635742
1070.031694	1.621509	0.098738	10926.785156
1070.032644	1.570078	0.098738	12418.359375
1070.033513	0.978669	0.098738	13268.823242
1070.034553	0.092483	0.098738	13365.005859
1070.035580	0.090927	0.098738	13458.387695
1070.036465	0.090890	0.098738	13538.825195
1070.037417	0.090938	0.098738	13625.397461
1070.038456	0.090996	0.098738	13719.942383
1070.039390	0.090894	0.098738	13804.836914
1070.040246	0.091003	0.098738	13882.736328
1070.041287	0.090981	0.098738	13977.448242
1070.042319	0.090927	0.098738	14071.284180
1070.043203	0.090956	0.098738	14151.689453
1071.051788	1.521449	0.118960	766.810303
1071.052698	1.911255	0.118960	2506.052246
1071.053566	1.862384	0.118960	4122.601562
1071.054653	1.794280	0.118960	6072.983887
1071.055644	1.731489	0.118960	7788.889648
1071.056542	1.678444	0.118960	9296.131836
1071.057516	1.623307	0.118960	10877.232422
1071.058572	1.566310	0.118960	12531.255859
1071.059488	0.775887	0.118960	13241.968750
1071.060350	0.091934	0.118960	13321.215820
1071.061440	0.090930	0.118960	13420.330078
1071.062403	0.090864	0.118960	13507.832031
1071.063270	0.090864	0.118960	13586.611328
1071.064276	0.091029	0.118960	13678.186523
1071.065322	0.090908	0.118960	13773.276367
1071.066202	0.090894	0.118960	13853.262695
1071.067065	0.090927	0.118960	13931.732422
1071.068172	0.091040	0.118960	14032.513672
1071.069138	0.090868	0.118960	14120.291992
1072.114402	1.545897	0.113059	794.591125
1072.115431	1.905015	0.113059	2754.851318
1072.116316	1.854804	0.113059	4396.352539
1072.117294	1.792559	0.113059	6149.474609
1072.118345	1.726318	0.113059	7963.834961
1072.119268	1.671042	0.113059	9506.207031
1072.120135	1.620428	0.113059	10911.118164
1072.121223	1.563468	0.113059	12612.171875
1072.122237	0.548291	0.113059	13168.138672
1072.123113	0.090740	0.113059	13247.626953
1072.124085	0.090952	0.113059	13336.032227
1072.125132	0.090985	0.113059	13431.293945
1072.126018	0.090956	0.113059	13511.880859
1072.126890	0.090974	0.113059	13591.209961
1072.127981	0.090959	0.113059	13690.446289
1072.128947	0.090989	0.113059	13778.341797
1072.129830	0.090934	0.113059	13858.636719
1072.130834	0.090985	0.113059	13949.985352
1072.131883	0.090967	0.113059	14045.409180
1073.138965	1.469674	0.119980	652.535278
1073.139836	1.913397	0.119980	2319.104492
1073.140888	1.858766	0.119980	4274.526367
1073.141932	1.791859	0.119980	6145.227539
1073.142806	1.736045	0.119980	7662.530762
1073.143762	1.679356	0.119980	9267.994141
1073.144825	1.618466	0.119980	10988.422852
1073.145764	1.567742	0.119980	12460.532227
1073.146642	0.903285	0.119980	13253.616211
1073.147684	0.091575	0.119980	13349.037109
1073.148699	0.090901	0.119980	13441.301758
1073.149589	0.091044	0.119980	13522.331055
1073.150541	0.091025	0.119980	13608.987305
1073.151587	0.091029	0.119980	13704.204102
1073.152513	0.090813	0.119980	13788.296875
1073.153376	0.090970	0.119980	13866.804687
1073.154466	0.090985	0.119980	13965.978516
1073.155448	0.090938	0.119980	14055.279297
1073.156336	0.090948	0.119980	14136.041992
1074.202687	1.450920	0.103516	612.288452
1074.203634	1.909893	0.103516	2420.956543
1074.204701	1.854155	0.103516	4399.340332
1074.205635	1.793705	0.103516	6074.660645
1074.206505	1.737913	0.103516	7586.644531
1074.207560	1.675745	0.103516	9354.554687
1074.208574	1.618290	0.103516	10995.500977
1074.209476	1.569767	0.103516	12411.430664
1074.210459	0.802800	0.103516	13200.583008
1074.211505	0.090919	0.103516	13295.684570
1074.212424	0.090787	0.103516	13379.118164
1074.213285	0.090883	0.103516	13457.368164
1074.214362	0.090996	0.103516	13555.371094
1074.215341	0.090872	0.103516	13644.333984
1074.216229	0.090828	0.103516	13724.989258
1074.217230	0.090970	0.103516	13816.050781
1074.218265	0.090927	0.103516	13910.160156
1074.219162	0.090857	0.103516	13991.659180
1074.220019	0.090875	0.103516	14069.539062
1075.227311	1.568265	0.115585	831.180664
1075.228342	1.903868	0.115585	2794.068848
1075.229242	1.852650	0.115585	4461.454102
1075.230184	1.791767	0.115585	6149.298828
1075.231252	1.724542	0.115585	7991.109863
1075.232202	1.668468	0.115585	9576.154297
1075.233072	1.618458	0.115585	10984.212891
1075.234157	1.560912	0.115585	12677.801758
1075.235175	0.459822	0.115585	13145.900391
1075.236066	0.090751	0.115585	13226.759766
1075.237025	0.090959	0.115585	13313.990234
1075.238068	0.090945	0.115585	13408.845703
1075.238984	0.090813	0.115585	13492.030273
1075.239842	0.090952	0.115585	13570.067383
1075.240904	0.090974	0.115585	13666.681641
1075.241906	0.090835	0.115585	13757.698242
1075.242786	0.090967	0.115585	13837.749023
1075.243782	0.090992	0.115585	13928.377930
1075.244827	0.090941	0.115585	14023.411133
1076.290954	1.482762	0.099048	748.795044
1076.291939	1.908230	0.099048	2628.401367
1076.292872	1.855961	0.099048	4360.012695
1076.293743	1.798978	0.099048	5926.922852
1076.294809	1.733492	0.099048	7774.825684
1076.295690	1.679458	0.099048	9254.427734
1076.296558	1.629518	0.099048	10668.849609
1076.297423	1.579607	0.099048	12035.209961
1076.298502	1.013258	0.099048	13128.515625
1076.299395	0.095281	0.099048	13213.601562
1076.300271	0.090864	0.099048	13293.198242
1076.301271	0.090985	0.099048	13384.183594
1076.302197	0.090890	0.099048	13468.347656
1076.303079	0.090967	0.099048	13548.580078
1076.304063	0.091018	0.099048	13638.141602
1076.305060	0.090879	0.099048	13728.748047
1076.305944	0.090912	0.099048	13809.114258
1076.306800	0.090948	0.099048	13886.965820
1076.307876	0.090996	0.099048	13984.877930
1077.316025	1.445724	0.124898	610.095459
1077.317034	1.908296	0.124898	2535.565918
1077.318088	1.851760	0.124898	4487.321289
1077.318987	1.792745	0.124898	6098.999512
1077.319914	1.734448	0.124898	7706.833008
1077.320975	1.671266	0.124898	9480.045898
1077.321937	1.617378	0.124898	11035.962891
1077.322802	1.569796	0.124898	12393.836914
1077.323852	0.719487	0.124898	13149.298828
1077.324856	0.090938	0.124898	13240.599609
1077.325742	0.090868	0.124898	13321.108398
1077.326689	0.090989	0.124898	13407.274414
1077.327725	0.090952	0.124898	13501.500977
1077.328667	0.090879	0.124898	13587.109375
1077.329526	0.090839	0.124898	13665.139648
1077.330576	0.091014	0.124898	13760.705078
1077.331586	0.090868	0.124898	13852.481445
1077.332458	0.091014	0.124898	13931.845703
1077.333420	0.090919	0.124898	14019.309570
1078.377381	1.549479	0.099991	804.179504
1078.378353	1.906882	0.099991	2657.669189
1078.379232	1.857770	0.099991	4290.648926
1078.380245	1.792196	0.099991	6106.143555
1078.381298	1.726644	0.099991	7924.299805
1078.382193	1.673196	0.099991	9421.810547
1078.383098	1.620934	0.099991	10888.755859
1078.384186	1.562992	0.099991	12589.291016
1078.385141	0.646333	0.099991	13206.539062
1078.386007	0.091007	0.099991	13285.351562
1078.387058	0.090956	0.099991	13380.946289
1078.388075	0.090956	0.099991	13473.448242
1078.388966	0.090861	0.099991	13554.405273
1078.389839	0.090875	0.099991	13633.739258
1078.390777	0.090989	0.099991	13719.086914
1078.391757	0.090791	0.099991	13808.062500
1078.392673	0.090820	0.099991	13891.253906
1078.393535	0.090824	0.099991	13969.543945
1078.394592	0.090974	0.099991	14065.703125
1079.405257	1.472505	0.125974	640.539612
1079.406130	1.913309	0.125974	2310.858643
1079.407125	1.862157	0.125974	4163.705078
1079.408130	1.796920	0.125974	5969.609863
1079.409027	1.740630	0.125974	7530.955078
1079.409898	1.686248	0.125974	8999.676758
1079.411005	1.625156	0.125974	10798.724609
1079.411935	1.574337	0.125974	12262.858398
1079.412825	1.106129	0.125974	13247.313477
1079.413812	0.100093	0.125974	13346.105469
1079.414811	0.090850	0.125974	13436.864258
1079.415706	0.090875	0.125974	13518.197266
1079.416679	0.090974	0.125974	13606.714844
1079.417714	0.090938	0.125974	13700.834961
1079.418620	0.090934	0.125974	13783.220703
1079.419485	0.090992	0.125974	13861.928711
1079.420566	0.091029	0.125974	13960.331055
1079.421561	0.090883	0.125974	14050.758789
1079.422442	0.090839	0.125974	14130.788086
1080.464404	1.528601	0.111335	775.000732
1080.465295	1.911035	0.111335	2477.732910
1080.466184	1.860725	0.111335	4131.917480
1080.467269	1.793503	0.111335	6077.868652
1080.468232	1.733280	0.111335	7747.017090
1080.469094	1.681033	0.111335	9196.067383
1080.470122	1.622194	0.111335	10863.682617
1080.471156	1.566595	0.111335	12483.541992
1080.472058	0.840494	0.111335	13241.667969
1080.472999	0.092490	0.111335	13328.701172
1080.474058	0.091011	0.111335	13425.082031
1080.474992	0.091018	0.111335	13510.092773
1080.475856	0.090927	0.111335	13588.653320
1080.476913	0.091088	0.111335	13684.932617
1080.477920	0.090945	0.111335	13776.513672
1080.478815	0.090897	0.111335	13857.866211
1080.479769	0.090974	0.111335	13944.655273
1080.480821	0.090996	0.111335	14040.382812
1080.481755	0.090883	0.111335	14125.267578
1081.493752	1.471439	0.120427	716.590881
1081.494731	1.908585	0.120427	2585.095703
1081.495650	1.857422	0.120427	4292.066406
1081.496535	1.800062	0.120427	5885.121582
1081.497584	1.734833	0.120427	7704.960937
1081.498509	1.678645	0.120427	9257.707031
1081.499398	1.627859	0.120427	10704.873047
1081.500279	1.578113	0.120427	12095.190430
1081.501336	0.982306	0.120427	13133.488281
1081.502231	0.094856	0.120427	13218.384766
1081.503102	0.090809	0.120427	13297.479492
1081.504117	0.090923	0.120427	13389.766602
1081.505024	0.090879	0.120427	13472.193359
1081.505890	0.090901	0.120427	13550.913086
1081.506869	0.091058	0.120427	13640.059570
1081.507871	0.090908	0.120427	13731.149414
1081.508770	0.090864	0.120427	13812.835937
1081.509633	0.090956	0.120427	13891.331055
1081.510687	0.091018	0.120427	13987.263672
1082.551865	1.448547	0.105389	611.286987
1082.552817	1.908823	0.105389	2428.486572
1082.553885	1.853328	0.105389	4407.840332
1082.554826	1.792639	0.105389	6094.713867
1082.555698	1.736638	0.105389	7609.062500
1082.556749	1.674562	0.105389	9369.027344
1082.557762	1.617279	0.105389	11007.331055
1082.558663	1.569005	0.105389	12421.004883
1082.559643	0.789412	0.105389	13194.627930
1082.560690	0.090959	0.105389	13289.862305
1082.561609	0.090773	0.105389	13373.282227
1082.562471	0.090938	0.105389	13451.669922
1082.563558	0.091077	0.105389	13550.669922
1082.564557	0.090842	0.105389	13641.420898
1082.565450	0.090894	0.105389	13722.588867
1082.566436	0.091025	0.105389	13812.339844
1082.567467	0.091029	0.105389	13906.190430
1082.568359	0.090795	0.105389	13987.179687
1082.569216	0.090861	0.105389	14065.046875
1083.583154	1.575351	0.118002	839.662354
1083.584179	1.904048	0.118002	2791.311523
1083.585074	1.852797	0.118002	4449.564453
1083.586015	1.791874	0.118002	6135.717773
1083.587079	1.725220	0.118002	7971.351562
1083.588020	1.669508	0.118002	9542.358398
1083.588888	1.619795	0.118002	10948.340820
1083.589959	1.562710	0.118002	12622.002930
1083.590983	0.524114	0.118002	13158.695312
1083.591855	0.090696	0.118002	13237.782227
1083.592842	0.090948	0.118002	13327.548828
1083.593883	0.091011	0.118002	13422.291016
1083.594786	0.090908	0.118002	13504.380859
1083.595699	0.090857	0.118002	13587.333008
1083.596574	0.090963	0.118002	13666.925781
1083.597599	0.090897	0.118002	13760.095703
1083.598490	0.090894	0.118002	13841.082031
1083.599375	0.090842	0.118002	13921.477539
1083.600322	0.091029	0.118002	14007.681641
1084.639915	1.552478	0.098146	810.393494
1084.640931	1.904337	0.098146	2745.199951
1084.641818	1.854280	0.098146	4389.946289
1084.642815	1.790801	0.098146	6175.374512
1084.643875	1.724557	0.098146	8003.404785
1084.644774	1.670120	0.098146	9504.841797
1084.645638	1.618806	0.098146	10903.490234
1084.646736	1.561516	0.098146	12618.035156
1084.647725	0.573223	0.098146	13184.952148
1084.648592	0.090853	0.098146	13263.721680
1084.649660	0.090981	0.098146	13360.889648
1084.650693	0.090908	0.098146	13454.797852
1084.651585	0.090974	0.098146	13535.946289
1084.652481	0.090930	0.098146	13617.419922
1084.653576	0.091033	0.098146	13717.100586
1084.654519	0.091007	0.098146	13802.919922
1084.655389	0.090970	0.098146	13882.064453
1084.656430	0.091069	0.098146	13976.867187
1084.657454	0.091036	0.098146	14070.088867
1085.669114	1.474014	0.124056	720.792664
1085.670180	1.903367	0.124056	2749.781494
1085.671134	1.849812	0.124056	4514.501953
1085.672004	1.792350	0.124056	6073.846191
1085.673052	1.727252	0.124056	7884.006836
1085.674068	1.667168	0.124056	9577.849609
1085.674963	1.616583	0.124056	11024.691406
1085.675919	1.565413	0.124056	12521.225586
1085.676978	0.572791	0.124056	13127.810547
1085.677897	0.090791	0.124056	13211.247070
1085.678758	0.090948	0.124056	13289.553711
1085.679839	0.091066	0.124056	13387.996094
1085.680835	0.090897	0.124056	13478.529297
1085.681724	0.090912	0.124056	13559.349609
1085.682591	0.090890	0.124056	13638.151367
1085.683568	0.091014	0.124056	13727.072266
1085.684501	0.090842	0.124056	13811.828125
1085.685412	0.090864	0.124056	13894.605469
1085.686285	0.090897	0.124056	13973.958984
1086.729890	1.552877	0.103516	798.178894
1086.730868	1.907168	0.103516	2663.389160
1086.731731	1.858378	0.103516	4267.168945
1086.732810	1.789343	0.103516	6197.870117
1086.733849	1.724582	0.103516	7989.711426
1086.734734	1.671368	0.103516	9468.873047
1086.735672	1.618638	0.103516	10987.155273
1086.736749	1.560883	0.103516	12668.225586
1086.737697	0.594434	0.103516	13231.749023
1086.738555	0.090985	0.103516	13309.814453
1086.739602	0.090985	0.103516	13405.076172
1086.740616	0.090916	0.103516	13497.264648
1086.741503	0.090959	0.103516	13577.945312
1086.742452	0.090941	0.103516	13664.248047
1086.743505	0.090938	0.103516	13760.004883
1086.744427	0.090868	0.103516	13843.785156
1086.745295	0.090938	0.103516	13922.718750
1086.746357	0.090981	0.103516	14019.340820
1086.747357	0.090912	0.103516	14110.252930
1087.756941	1.526744	0.119234	767.952393
1087.757840	1.910548	0.119234	2485.535156
1087.758706	1.860927	0.119234	4097.097656
1087.759810	1.792925	0.119234	6076.486816
1087.760779	1.732511	0.119234	7755.290039
1087.761643	1.680608	0.119234	9207.334961
1087.762705	1.620835	0.119234	10928.662109
1087.763741	1.565229	0.119234	12550.240234
1087.764629	0.819192	0.119234	13277.682617
1087.765559	0.092457	0.119234	13363.667969
1087.766617	0.090970	0.119234	13459.915039
1087.767570	0.090959	0.119234	13546.599609
1087.768428	0.090905	0.119234	13624.595703
1087.769459	0.091040	0.119234	13718.458008
1087.770498	0.091007	0.119234	13813.014648
1087.771375	0.090923	0.119234	13892.753906
1087.772323	0.090996	0.119234	13979.018555
1087.773361	0.091055	0.119234	14073.533203
1087.774288	0.090978	0.119234	14157.869141
1088.818232	1.445815	0.109836	607.242493
1088.819251	1.907069	0.109836	2550.545898
1088.820299	1.850599	0.109836	4489.974121
1088.821197	1.791991	0.109836	6099.182129
1088.822129	1.733357	0.109836	7714.670898
1088.823203	1.669644	0.109836	9507.868164
1088.824146	1.616678	0.109836	11032.396484
1088.825017	1.569049	0.109836	12399.038086
1088.826085	0.680552	0.109836	13125.867187
1088.827096	0.090813	0.109836	13217.678711
1088.827986	0.090930	0.109836	13298.606445
1088.828952	0.091007	0.109836	13386.519531
1088.830001	0.090996	0.109836	13481.974609
1088.830925	0.090923	0.109836	13565.987305
1088.831788	0.090927	0.109836	13644.457031
1088.832866	0.091088	0.109836	13742.649414
1088.833858	0.090890	0.109836	13832.812500
1088.834735	0.090879	0.109836	13912.513672
1088.835718	0.090970	0.109836	14001.937500
1089.844798	1.457695	0.118993	620.978210
1089.845801	1.907582	0.118993	2534.282715
1089.846852	1.851493	0.118993	4480.202148
1089.847751	1.792310	0.118993	6091.488281
1089.848665	1.734174	0.118993	7676.522949
1089.849755	1.670054	0.118993	9496.880859
1089.850707	1.616645	0.118993	11035.927734
1089.851577	1.568888	0.118993	12400.860352
1089.852639	0.692615	0.118993	13136.416992
1089.853638	0.090791	0.118993	13227.117187
1089.854522	0.090923	0.118993	13307.493164
1089.855482	0.090978	0.118993	13394.832031
1089.856520	0.090941	0.118993	13489.228516
1089.857449	0.090890	0.118993	13573.665039
1089.858304	0.090817	0.118993	13651.313477
1089.859376	0.090978	0.118993	13748.841797
1089.860379	0.090927	0.118993	13840.041016
1089.861249	0.090890	0.118993	13919.115234
1089.862220	0.090912	0.118993	14007.390625
1090.906757	1.523123	0.108998	755.468811
1090.907643	1.911127	0.108998	2448.727051
1090.908573	1.860630	0.108998	4179.112793
1090.909624	1.793372	0.108998	6063.946289
1090.910571	1.734141	0.108998	7706.177246
1090.911436	1.681941	0.108998	9161.056641
1090.912489	1.622710	0.108998	10869.770508
1090.913520	1.567057	0.108998	12485.406250
1090.914406	0.874977	0.108998	13260.635742
1090.915378	0.093208	0.108998	13351.234375
1090.916422	0.090941	0.108998	13446.176758
1090.917336	0.090875	0.108998	13529.236328
1090.918191	0.090941	0.108998	13606.991211
1090.919236	0.091000	0.108998	13702.085937
1090.920250	0.090908	0.108998	13794.266602
1090.921142	0.090985	0.108998	13875.425781
1090.922110	0.091022	0.108998	13963.535156
1090.923163	0.090992	0.108998	14059.350586
1090.924073	0.090934	0.108998	14142.100586
1091.932327	1.559260	0.119855	810.815308
1091.933369	1.903290	0.119855	2794.043457
1091.934250	1.852925	0.119855	4426.470215
1091.935182	1.792460	0.119855	6097.042969
1091.936239	1.726311	0.119855	7921.753906
1091.937180	1.670691	0.119855	9493.874023
1091.938042	1.620970	0.119855	10891.150391
1091.939116	1.564153	0.119855	12571.050781
1091.940137	0.578979	0.119855	13162.188477
1091.941010	0.090787	0.119855	13241.446289
1091.941981	0.091051	0.119855	13329.856445
1091.943022	0.091007	0.119855	13424.594727
1091.943946	0.090890	0.119855	13508.577148
1091.944812	0.090992	0.119855	13587.376953
1091.945859	0.091113	0.119855	13682.772461
1091.946852	0.090901	0.119855	13773.037109
1091.947745	0.090908	0.119855	13854.217773
1091.948719	0.091113	0.119855	13942.961914
1091.949752	0.091011	0.119855	14036.975586
1092.994870	1.447321	0.103902	609.321960
1092.995882	1.906619	0.103902	2538.820068
1092.996874	1.853577	0.103902	4377.567871
1092.997763	1.796455	0.103902	5974.616211
1092.998769	1.733339	0.103902	7718.354980
1092.999827	1.671002	0.103902	9486.275391
1093.000722	1.619681	0.103902	10935.890625
1093.001623	1.569770	0.103902	12350.253906
1093.002721	0.685734	0.103902	13103.189453
1093.003674	0.090853	0.103902	13189.772461
1093.004546	0.090894	0.103902	13269.031250
1093.005598	0.091044	0.103902	13364.809570
1093.006610	0.090927	0.103902	13456.827148
1093.007503	0.090831	0.103902	13537.939453
1093.008432	0.090963	0.103902	13622.444336
1093.009484	0.091007	0.103902	13718.183594
1093.010414	0.090912	0.103902	13802.731445
1093.011273	0.090938	0.103902	13880.846680
1093.012341	0.091058	0.103902	13978.096680
1094.019831	1.509664	0.121957	730.677490
1094.020711	1.911504	0.121957	2412.800781
1094.021657	1.860553	0.121957	4172.883789
1094.022725	1.792050	0.121957	6086.792969
1094.023660	1.733555	0.121957	7707.666504
1094.024528	1.680948	0.121957	9166.729492
1094.025573	1.622033	0.121957	10861.753906
1094.026598	1.566830	0.121957	12467.753906
1094.027497	0.866770	0.121957	13246.980469
1094.028458	0.092926	0.121957	13336.282227
1094.029506	0.090956	0.121957	13431.603516
1094.030426	0.090883	0.121957	13515.215820
1094.031288	0.090901	0.121957	13593.572266
1094.032367	0.091058	0.121957	13691.824219
1094.033355	0.090908	0.121957	13781.641602
1094.034251	0.090831	0.121957	13863.026367
1094.035240	0.091018	0.121957	13953.042969
1094.036281	0.090981	0.121957	14047.754883
1094.037181	0.090912	0.121957	14129.575195
1095.084010	1.474442	0.105425	688.564453
1095.084899	1.911332	0.105425	2387.738281
1095.085844	1.861190	0.105425	4146.562988
1095.086797	1.799568	0.105425	5861.551270
1095.087686	1.743658	0.105425	7411.663574
1095.088614	1.687493	0.105425	8977.657227
1095.089673	1.628049	0.105425	10701.761719
1095.090571	1.578658	0.105425	12119.396484
1095.091441	1.250068	0.105425	13206.956055
1095.092502	0.099492	0.105425	13312.517578
1095.093461	0.090817	0.105425	13399.610352
1095.094338	0.090846	0.105425	13479.282227
1095.095253	0.091033	0.105425	13562.577148
1095.096311	0.090923	0.105425	13658.773437
1095.097188	0.090919	0.105425	13738.509766
1095.098049	0.090883	0.105425	13816.759766
1095.099085	0.091007	0.105425	13911.042969
1095.100051	0.090919	0.105425	13998.871094
1095.100907	0.090813	0.105425	14076.607422
1096.107576	1.449196	0.116431	611.560547
1096.108632	1.905795	0.116431	2624.079590
1096.109657	1.849955	0.116431	4520.283203
1096.110541	1.791771	0.116431	6104.208984
1096.111479	1.732881	0.116431	7729.651367
1096.112551	1.669808	0.116431	9519.685547
1096.113473	1.616880	0.116431	11010.449219
1096.114345	1.569163	0.116431	12378.758789
1096.115406	0.711266	0.116431	13133.412109
1096.116412	0.090813	0.116431	13224.769531
1096.117307	0.090938	0.116431	13306.158203
1096.118280	0.091055	0.116431	13394.754883
1096.119336	0.090981	0.116431	13490.831055
1096.120246	0.090901	0.116431	13573.550781
1096.121106	0.090938	0.116431	13651.756836
1096.122212	0.091014	0.116431	13752.418945
1096.123211	0.090908	0.116431	13843.236328
1096.124103	0.090872	0.116431	13924.293945
1096.125076	0.091029	0.116431	14012.865234
1097.171531	1.485231	0.111637	646.075317
1097.172402	1.910438	0.111637	2310.066895
1097.173380	1.861597	0.111637	4130.708496
1097.174307	1.802725	0.111637	5801.833984
1097.175188	1.746237	0.111637	7340.268555
1097.176214	1.685218	0.111637	9069.302734
1097.177111	1.633378	0.111637	10534.442383
1097.177999	1.584972	0.111637	11941.897461
1097.178958	1.244326	0.111637	13135.206055
1097.179938	0.110380	0.111637	13243.377930
1097.180861	0.090667	0.111637	13327.063477
1097.181725	0.090820	0.111637	13405.532227
1097.182773	0.090963	0.111637	13500.861328
1097.183642	0.090831	0.111637	13579.793945
1097.184520	0.090886	0.111637	13659.591797
1097.185406	0.091044	0.111637	13740.256836
1097.186441	0.090798	0.111637	13834.233398
1097.187372	0.091000	0.111637	13918.954102
1097.188238	0.091000	0.111637	13997.759766
1098.195398	1.601503	0.119706	890.435486
1098.196377	1.904194	0.119706	2754.641846
1098.197247	1.854891	0.119706	4368.397461
1098.198314	1.785655	0.119706	6273.691895
1098.199359	1.721122	0.119706	8072.264160
1098.200253	1.667780	0.119706	9563.258789
1098.201178	1.615210	0.119706	11057.328125
1098.202255	1.558011	0.119706	12735.306641
1098.203204	0.515405	0.119706	13224.425781
1098.204070	0.090784	0.119706	13303.044922
1098.205130	0.090992	0.119706	13399.497070
1098.206143	0.090905	0.119706	13491.583008
1098.207038	0.090864	0.119706	13572.906250
1098.207990	0.091025	0.119706	13659.562500
1098.209038	0.090930	0.119706	13754.857422
1098.209959	0.090970	0.119706	13838.641602
1098.210822	0.090981	0.119706	13917.158203
1098.211889	0.091062	0.119706	14014.321289
1098.212887	0.090901	0.119706	14105.040039
1099.259734	1.472281	0.106698	649.276123
1099.260601	1.912086	0.106698	2307.054932
1099.261634	1.858799	0.106698	4227.194336
1099.262669	1.792555	0.106698	6082.488770
1099.263546	1.736396	0.106698	7605.308594
1099.264507	1.679703	0.106698	9219.503906
1099.265560	1.619275	0.106698	10924.600586
1099.266497	1.568987	0.106698	12394.741211
1099.267371	0.962523	0.106698	13235.986328
1099.268425	0.091963	0.106698	13332.915039
1099.269429	0.090820	0.106698	13424.098633
1099.270308	0.090916	0.106698	13504.013672
1099.271236	0.090828	0.106698	13588.301758
1099.272102	0.090842	0.106698	13666.970703
1099.273109	0.090894	0.106698	13758.500977
1099.274033	0.090897	0.106698	13842.490234
1099.274899	0.090930	0.106698	13921.235352
1099.275925	0.090930	0.106698	14014.529297
1099.276800	0.090817	0.106698	14093.994141
1100.282712	1.497231	0.134800	670.759644
1100.283593	1.911570	0.134800	2354.852539
1100.284470	1.866874	0.134800	3992.101074
1100.285485	1.803563	0.134800	5822.717773
1100.286413	1.743087	0.134800	7440.302734
1100.287342	1.688038	0.134800	9008.490234
1100.288203	1.636732	0.134800	10417.716797
1100.289238	1.581244	0.134800	12054.304687
1100.290139	1.287008	0.134800	13213.898437
1100.291010	0.126837	0.134800	13324.374023
1100.292038	0.090912	0.134800	13417.831055
1100.292988	0.090861	0.134800	13504.148437
1100.293866	0.090952	0.134800	13584.004883
1100.294798	0.091018	0.134800	13668.833984
1100.295844	0.090883	0.134800	13763.897461
1100.296741	0.091051	0.134800	13845.570312
1100.297603	0.090989	0.134800	13924.002930
1100.298646	0.091044	0.134800	14018.961914
1100.299593	0.090908	0.134800	14105.051758
1101.347755	1.532336	0.102279	824.396973
1101.348804	1.901770	0.102279	2819.354004
1101.349725	1.849021	0.102279	4522.302246
1101.350592	1.790391	0.102279	6074.570801
1101.351685	1.724187	0.102279	7959.107422
1101.352671	1.665418	0.102279	9601.208984
1101.353559	1.615843	0.102279	11036.078125
1101.354572	1.562065	0.102279	12618.450195
1101.355629	0.500446	0.102279	13147.420898
1101.356509	0.090743	0.102279	13227.275391
1101.357373	0.090901	0.102279	13305.813477
1101.358470	0.091058	0.102279	13405.704102
1101.359435	0.090905	0.102279	13493.426758
1101.360291	0.090970	0.102279	13571.297852
1101.361357	0.091011	0.102279	13668.315430
1101.362386	0.090974	0.102279	13761.927734
1101.363273	0.090927	0.102279	13842.579102
1101.364197	0.090930	0.102279	13926.598633
1101.365258	0.091033	0.102279	14023.184570
1102.370826	1.482546	0.127529	747.203369
1102.371893	1.901660	0.127529	2776.274902
1102.372837	1.848398	0.127529	4521.163086
1102.373706	1.790358	0.127529	6076.983887
1102.374765	1.725132	0.127529	7903.898437
1102.375784	1.664806	0.127529	9600.335937
1102.376680	1.614756	0.127529	11047.157227
1102.377653	1.562845	0.127529	12567.805664
1102.378716	0.508132	0.127529	13107.950195
1102.379630	0.090791	0.127529	13190.933594
1102.380555	0.090908	0.127529	13275.023437
1102.381419	0.090992	0.127529	13353.640625
1102.382459	0.090923	0.127529	13448.200195
1102.383335	0.090879	0.127529	13527.810547
1102.384203	0.090934	0.127529	13606.741211
1102.385201	0.090981	0.127529	13697.541016
1102.386134	0.090930	0.127529	13782.378906
1102.387052	0.090890	0.127529	13865.815430
1102.387929	0.090967	0.127529	13945.593750
1103.434890	1.520823	0.114505	760.411316
1103.435853	1.907735	0.114505	2597.560547
1103.436720	1.859560	0.114505	4209.799316
1103.437798	1.790076	0.114505	6139.500977
1103.438838	1.725297	0.114505	7933.809570
1103.439735	1.671833	0.114505	9433.444336
1103.440667	1.619084	0.114505	10942.430664
1103.441743	1.560908	0.114505	12621.967773
1103.442701	0.607189	0.114505	13203.654297
1103.443564	0.090831	0.114505	13282.041992
1103.444629	0.091011	0.114505	13378.968750
1103.445642	0.090919	0.114505	13471.070312
1103.446534	0.090978	0.114505	13552.222656
1103.447504	0.091128	0.114505	13640.617187
1103.448542	0.090996	0.114505	13735.071289
1103.449458	0.090916	0.114505	13818.349609
1103.450319	0.090963	0.114505	13896.668945
1103.451383	0.090959	0.114505	13993.450195
1103.452388	0.090894	0.114505	14084.797852
1104.458970	1.498118	0.128189	681.643555
1104.459846	1.911874	0.128189	2356.445068
1104.460854	1.859971	0.128189	4231.295410
1104.461906	1.792280	0.128189	6116.774414
1104.462799	1.734833	0.128189	7665.979980
1104.463664	1.681036	0.128189	9120.076172
1104.464756	1.620926	0.128189	10890.127930
1104.465719	1.568416	0.128189	12400.511719
1104.466614	0.951189	0.128189	13251.826172
1104.467614	0.093516	0.128189	13345.341797
1104.468679	0.090912	0.128189	13442.163086
1104.469571	0.090945	0.128189	13523.286133
1104.470440	0.091058	0.128189	13602.416016
1104.471540	0.091062	0.128189	13702.583984
1104.472504	0.090941	0.128189	13790.250977
1104.473370	0.090886	0.128189	13868.958008
1104.474413	0.091011	0.128189	13963.881836
1104.475441	0.091036	0.128189	14057.466797
1104.476329	0.090945	0.128189	14138.225586
1105.522262	1.501161	0.117264	668.016602
1105.523143	1.911463	0.117264	2352.016113
1105.524158	1.858799	0.117264	4238.696777
1105.525219	1.791442	0.117264	6139.416504
1105.526109	1.734174	0.117264	7682.831055
1105.526990	1.679502	0.117264	9162.472656
1105.528099	1.619198	0.117264	10958.163086
1105.529053	1.567328	0.117264	12453.393555
1105.529917	0.935951	0.117264	13262.054687
1105.530966	0.092058	0.117264	13358.624023
1105.532005	0.090879	0.117264	13453.046875
1105.532879	0.090776	0.117264	13532.385742
1105.533809	0.091040	0.117264	13617.052734
1105.534886	0.090948	0.117264	13715.003906
1105.535828	0.090872	0.117264	13800.604492
1105.536693	0.091025	0.117264	13879.341797
1105.537752	0.090978	0.117264	13975.687500
1105.538761	0.090905	0.117264	14067.410156
1105.539656	0.090970	0.117264	14148.829102
1106.548367	1.531553	0.123424	776.497192
1106.549269	1.909523	0.123424	2498.886719
1106.550131	1.860022	0.123424	4102.225586
1106.551254	1.790640	0.123424	6113.113770
1106.552223	1.730468	0.123424	7789.937012
1106.553089	1.678217	0.123424	9243.272461
1106.554164	1.617869	0.123424	10982.481445
1106.555189	1.563124	0.123424	12584.683594
1106.556083	0.742203	0.123424	13248.212891
1106.557007	0.091703	0.123424	13332.946289
1106.558065	0.090927	0.123424	13429.146484
1106.559011	0.090879	0.123424	13515.118164
1106.559870	0.090908	0.123424	13593.208008
1106.560909	0.090970	0.123424	13687.726562
1106.561938	0.090967	0.123424	13781.331055
1106.562823	0.090864	0.123424	13861.746094
1106.563768	0.090970	0.123424	13947.712891
1106.564803	0.090981	0.123424	14041.878906
1106.565735	0.090930	0.123424	14126.625977
1107.610573	1.463533	0.108237	649.808533
1107.611680	1.903246	0.108237	2756.701904
1107.612585	1.851921	0.108237	4432.690430
1107.613459	1.795023	0.108237	6001.540527
1107.614471	1.731328	0.108237	7753.644531
1107.615447	1.673368	0.108237	9386.851562
1107.616329	1.623457	0.108237	10818.740234
1107.617200	1.573817	0.108237	12189.535156
1107.618331	0.803683	0.108237	13098.500000
1107.619221	0.091593	0.108237	13180.017578
1107.620082	0.090883	0.108237	13258.267578
1107.621169	0.091051	0.108237	13357.240234
1107.622142	0.090894	0.108237	13445.679687
1107.623000	0.090897	0.108237	13523.669922
1107.624049	0.090996	0.108237	13619.125000
1107.625074	0.090970	0.108237	13712.370117
1107.625956	0.090839	0.108237	13792.490234
1107.626863	0.091036	0.108237	13875.060547
1107.627943	0.090970	0.108237	13973.308594
1108.635960	1.445555	0.133756	608.578796
1108.636915	1.907963	0.133756	2430.683105
1108.637986	1.852493	0.133756	4414.702637
1108.638926	1.791182	0.133756	6098.413574
1108.639792	1.735635	0.133756	7601.473145
1108.640869	1.672661	0.133756	9402.928711
1108.641873	1.615756	0.133756	11025.147461
1108.642762	1.568137	0.133756	12419.221680
1108.643763	0.764949	0.133756	13184.935547
1108.644807	0.091018	0.133756	13279.958008
1108.645703	0.090791	0.133756	13361.306641
1108.646557	0.090959	0.133756	13438.986328
1108.647641	0.091022	0.133756	13537.654297
1108.648641	0.090923	0.133756	13628.577148
1108.649514	0.090978	0.133756	13708.000977
1108.650499	0.090985	0.133756	13797.621094
1108.651553	0.090934	0.133756	13893.465820
1108.652447	0.091014	0.133756	13974.833008
1108.653308	0.090974	0.133756	14053.162109
1109.698079	1.553881	0.115581	806.463989
1109.698983	1.908900	0.115581	2532.109863
1109.699851	1.858627	0.115581	4145.397949
1109.700964	1.789775	0.115581	6137.417969
1109.701937	1.729332	0.115581	7820.058594
1109.702866	1.674368	0.115581	9375.545898
1109.703735	1.624735	0.115581	10787.440430
1109.704817	1.567676	0.115581	12483.666016
1109.705710	0.867795	0.115581	13258.607422
1109.706576	0.092622	0.115581	13338.818359
1109.707464	0.091000	0.115581	13419.625977
1109.708498	0.091011	0.115581	13513.731445
1109.709406	0.090894	0.115581	13596.262695
1109.710288	0.091022	0.115581	13676.543945
1109.711272	0.090941	0.115581	13766.030273
1109.712205	0.090989	0.115581	13850.922852
1109.713128	0.090842	0.115581	13934.770508
1109.713988	0.091047	0.115581	14013.071289
1109.715019	0.090974	0.115581	14106.865234
1110.725323	1.463445	0.125921	642.452271
1110.726192	1.911837	0.125921	2303.838867
1110.727157	1.862666	0.125921	4101.311523
1110.728189	1.796056	0.125921	5954.841309
1110.729092	1.739403	0.125921	7525.522461
1110.729961	1.686284	0.125921	8990.903320
1110.731034	1.626134	0.125921	10735.745117
1110.731989	1.574345	0.125921	12239.244141
1110.732860	1.125769	0.125921	13219.789062
1110.733931	0.093823	0.125921	13320.273437
1110.734940	0.090879	0.125921	13411.970703
1110.735830	0.090754	0.125921	13492.742187
1110.736798	0.090945	0.125921	13580.776367
1110.737833	0.090978	0.125921	13674.938477
1110.738741	0.090919	0.125921	13757.493164
1110.739600	0.090912	0.125921	13835.586914
1110.740674	0.091058	0.125921	13933.383789
1110.741677	0.090879	0.125921	14024.535156
1110.742552	0.090879	0.125921	14104.054687
1111.785291	1.465170	0.113514	640.279175
1111.786155	1.910515	0.113514	2290.964355
1111.787213	1.856528	0.113514	4255.171387
1111.788220	1.791460	0.113514	6059.171387
1111.789118	1.735715	0.113514	7617.843750
1111.790104	1.677199	0.113514	9271.561523
1111.791167	1.617169	0.113514	10990.612305
1111.792076	1.567613	0.113514	12415.573242
1111.792947	0.909891	0.113514	13208.088867
1111.794053	0.091318	0.113514	13309.086914
1111.795022	0.090868	0.113514	13397.137695
1111.795889	0.090945	0.113514	13475.987305
1111.796970	0.090989	0.113514	13574.345703
1111.798012	0.090886	0.113514	13669.048828
1111.798907	0.090864	0.113514	13750.372070
1111.799831	0.090985	0.113514	13834.442383
1111.800883	0.090992	0.113514	13930.166016
1111.801822	0.091036	0.113514	14015.649414
1111.802684	0.090930	0.113514	14094.031250
1112.814274	1.530286	0.127005	855.429626
1112.815189	1.906315	0.127005	2599.707520
1112.816097	1.855814	0.127005	4284.787109
1112.816976	1.797675	0.127005	5864.942871
1112.818013	1.733774	0.127005	7662.867187
1112.818915	1.680055	0.127005	9178.276367
1112.819787	1.629272	0.127005	10599.001953
1112.820846	1.572847	0.127005	12264.646484
1112.821794	0.982343	0.127005	13195.907227
1112.822672	0.094702	0.127005	13279.055664
1112.823631	0.090956	0.127005	13366.282227
1112.824640	0.090868	0.127005	13457.967773
1112.825527	0.090923	0.127005	13538.616211
1112.826389	0.090817	0.127005	13616.900391
1112.827434	0.091000	0.127005	13711.995117
1112.828367	0.090839	0.127005	13796.748047
1112.829233	0.090846	0.127005	13875.420898
1112.830137	0.090923	0.127005	13957.615234
1112.831201	0.090996	0.127005	14054.435547
1113.872322	1.456443	0.114227	621.901062
1113.873346	1.905685	0.114227	2573.322510
1113.874407	1.849468	0.114227	4535.607910
1113.875292	1.790544	0.114227	6120.239746
1113.876185	1.732518	0.114227	7667.378906
1113.877286	1.669307	0.114227	9505.285156
1113.878235	1.615595	0.114227	11038.484375
1113.879106	1.568203	0.114227	12404.389648
1113.880135	0.727599	0.114227	13153.088867
1113.881169	0.090908	0.114227	13247.087891
1113.882060	0.090839	0.114227	13328.025391
1113.883011	0.090945	0.114227	13414.513672
1113.884071	0.091018	0.114227	13510.993164
1113.885002	0.090842	0.114227	13595.567383
1113.885872	0.090952	0.114227	13674.695312
1113.886946	0.091036	0.114227	13772.468750
1113.887952	0.090861	0.114227	13863.875000
1113.888837	0.090938	0.114227	13944.354492
1113.889798	0.090959	0.114227	14031.766602
1114.901580	1.472303	0.134115	650.758118
1114.902450	1.910808	0.134115	2313.161133
1114.903518	1.856162	0.134115	4295.541992
1114.904530	1.790453	0.134115	6107.480469
1114.905432	1.734192	0.134115	7671.721680
1114.906416	1.676466	0.134115	9321.364258
1114.907466	1.616653	0.134115	11018.849609
1114.908373	1.566508	0.134115	12439.671875
1114.909303	0.844087	0.134115	13224.672852
1114.910161	0.092776	0.134115	13304.274414
1114.911215	0.090861	0.134115	13400.041016
1114.912085	0.090938	0.134115	13479.156250
1114.912961	0.090853	0.134115	13558.744141
1114.913931	0.090963	0.134115	13646.978516
1114.914868	0.090916	0.134115	13732.166016
1114.915783	0.090967	0.134115	13815.400391
1114.916662	0.090948	0.134115	13895.343750
1114.917690	0.090992	0.134115	13988.883789
1114.918580	0.090868	0.134115	14069.755859
1115.961174	1.489992	0.110485	669.006226
1115.962052	1.911178	0.110485	2347.020508
1115.963065	1.859169	0.110485	4230.358398
1115.964116	1.791658	0.110485	6113.390625
1115.965027	1.733676	0.110485	7692.769043
1115.965889	1.679257	0.110485	9140.288086
1115.966988	1.619385	0.110485	10919.992187
1115.967957	1.567255	0.110485	12438.662109
1115.968833	0.938525	0.110485	13260.810547
1115.969869	0.092201	0.110485	13356.331055
1115.970908	0.090861	0.110485	13450.735352
1115.971798	0.090868	0.110485	13531.607422
1115.972696	0.090857	0.110485	13613.197266
1115.973795	0.091040	0.110485	13713.250000
1115.974739	0.091000	0.110485	13799.153320
1115.975607	0.090934	0.110485	13878.083984
1115.976642	0.091018	0.110485	13972.288086
1115.977654	0.090978	0.110485	14064.357422
1115.978554	0.090879	0.110485	14146.148437
1116.989112	1.455527	0.133084	611.321472
1116.990196	1.904117	0.133084	2675.384766
1116.991178	1.850145	0.133084	4492.227539
1116.992044	1.793104	0.133084	6045.055664
1116.993123	1.726044	0.133084	7907.457031
1116.994161	1.665187	0.133084	9635.920898
1116.995046	1.614624	0.133084	11064.863281
1116.995986	1.563959	0.133084	12534.984375
1116.997068	0.549866	0.133084	13129.939453
1116.997999	0.090696	0.133084	13214.376953
1116.998856	0.090820	0.133084	13292.209961
1116.999894	0.090981	0.133084	13386.648437
1117.000919	0.090908	0.133084	13479.829102
1117.001793	0.090981	0.133084	13559.346680
1117.002744	0.091044	0.133084	13645.929687
1117.003800	0.090908	0.133084	13741.928711
1117.004733	0.090956	0.133084	13826.790039
1117.005597	0.090875	0.133084	13905.306641
1117.006669	0.091007	0.133084	14002.866211
1118.049858	1.530505	0.111250	854.021973
1118.050876	1.901649	0.111250	2789.900879
1118.051751	1.851519	0.111250	4409.979492
1118.052727	1.788856	0.111250	6155.903320
1118.053780	1.722367	0.111250	7969.555664
1118.054704	1.667739	0.111250	9510.546875
1118.055574	1.616993	0.111250	10917.331055
1118.056664	1.559883	0.111250	12617.603516
1118.057660	0.516211	0.111250	13131.750000
1118.058555	0.090795	0.111250	13213.011719
1118.059539	0.090908	0.111250	13302.465820
1118.060589	0.090864	0.111250	13397.873047
1118.061488	0.090901	0.111250	13479.592773
1118.062352	0.090916	0.111250	13558.143555
1118.063470	0.090948	0.111250	13659.824219
1118.064437	0.090754	0.111250	13747.583984
1118.065303	0.090872	0.111250	13826.278320
1118.066356	0.090956	0.111250	13922.054687
1118.067384	0.090930	0.111250	14015.531250
1119.076022	1.535218	0.139078	841.299744
1119.077077	1.900459	0.139078	2846.283936
1119.077984	1.848274	0.139078	4522.668457
1119.078855	1.788937	0.139078	6080.832520
1119.079969	1.722169	0.139078	7999.329102
1119.080935	1.664286	0.139078	9607.029297
1119.081811	1.615430	0.139078	11022.145508
1119.082830	1.561487	0.139078	12613.300781
1119.083885	0.500489	0.139078	13141.317383
1119.084771	0.090835	0.139078	13221.796875
1119.085655	0.090927	0.139078	13302.175781
1119.086747	0.090941	0.139078	13401.483398
1119.087695	0.090886	0.139078	13487.643555
1119.088562	0.090908	0.139078	13566.460937
1119.089570	0.091014	0.139078	13658.203125
1119.090608	0.090974	0.139078	13752.633789
1119.091501	0.090945	0.139078	13833.847656
1119.092430	0.090959	0.139078	13918.348633
1119.093491	0.090934	0.139078	14014.829102
1120.138177	1.453883	0.118807	622.261963
1120.139138	1.907424	0.118807	2455.296875
1120.140188	1.852734	0.118807	4400.667969
1120.141119	1.791680	0.118807	6068.721680
1120.142050	1.733910	0.118807	7682.991699
1120.142914	1.680747	0.118807	9135.157227
1120.143965	1.622769	0.118807	10840.686523
1120.144855	1.574308	0.118807	12241.820312
1120.145729	1.133203	0.118807	13232.240234
1120.146713	0.103308	0.118807	13333.895508
1120.147660	0.090820	0.118807	13419.902344
1120.148576	0.090875	0.118807	13503.144531
1120.149450	0.091007	0.118807	13582.684570
1120.150487	0.090923	0.118807	13676.971680
1120.151383	0.090901	0.118807	13758.418945
1120.152256	0.090864	0.118807	13837.743164
1120.153158	0.090974	0.118807	13919.801758
1120.154195	0.090850	0.118807	14014.012695
1120.155107	0.090927	0.118807	14096.937500
1121.163542	1.536808	0.137881	774.551208
1121.164438	1.908523	0.137881	2484.587891
1121.165325	1.861022	0.137881	4135.314453
1121.166326	1.796891	0.137881	5934.001953
1121.167328	1.733364	0.137881	7670.833008
1121.168222	1.680198	0.137881	9172.929687
1121.169091	1.628459	0.137881	10588.060547
1121.170202	1.570866	0.137881	12333.291992
1121.171125	0.958971	0.137881	13218.421875
1121.171990	0.094537	0.137881	13300.196289
1121.173093	0.090945	0.137881	13400.508789
1121.174056	0.090795	0.137881	13487.944336
1121.174928	0.090875	0.137881	13567.187500
1121.176045	0.090967	0.137881	13668.797852
1121.177063	0.090930	0.137881	13761.365234
1121.177946	0.090938	0.137881	13841.663086
1121.178865	0.090956	0.137881	13925.251953
1121.179928	0.090996	0.137881	14021.980469
1121.180875	0.090945	0.137881	14108.105469
1122.227394	1.453176	0.108132	626.318970
1122.228262	1.911584	0.108132	2285.574219
1122.229301	1.857898	0.108132	4215.930176
1122.230348	1.790764	0.108132	6090.860352
1122.231248	1.734338	0.108132	7651.764648
1122.232207	1.677935	0.108132	9260.904297
1122.233280	1.616788	0.108132	10995.718750
1122.234216	1.566247	0.108132	12461.726562
1122.235085	0.901425	0.108132	13245.064453
1122.236162	0.091227	0.108132	13343.315430
1122.237160	0.090795	0.108132	13433.928711
1122.238058	0.090875	0.108132	13515.535156
1122.239025	0.090934	0.108132	13603.467773
1122.240063	0.090934	0.108132	13697.857422
1122.240972	0.090919	0.108132	13780.502930
1122.241831	0.090963	0.108132	13858.640625
1122.242894	0.091003	0.108132	13955.376953
1122.243877	0.090817	0.108132	14044.649414
1122.244758	0.090861	0.108132	14124.697266
1123.250414	1.517278	0.138659	699.465088
1123.251293	1.910431	0.138659	2378.733887
1123.252171	1.864878	0.138659	4016.096680
1123.253157	1.802692	0.138659	5793.550781
1123.254096	1.741977	0.138659	7429.267578
1123.255022	1.687020	0.138659	8991.448242
1123.255890	1.636260	0.138659	10411.721680
1123.256943	1.579951	0.138659	12075.410156
1123.257841	1.258326	0.138659	13205.387695
1123.258723	0.118674	0.138659	13310.058594
1123.259689	0.090846	0.138659	13397.815430
1123.260655	0.090787	0.138659	13485.515625
1123.261574	0.090831	0.138659	13568.989258
1123.262433	0.090820	0.138659	13647.003906
1123.263459	0.090901	0.138659	13740.268555
1123.264362	0.090879	0.138659	13822.332031
1123.265228	0.090883	0.138659	13901.036133
1123.266226	0.090901	0.138659	13991.754883
1123.267197	0.090795	0.138659	14079.916992
1124.314940	1.461028	0.120016	622.397888
1124.316035	1.903381	0.120016	2706.600586
1124.317034	1.846871	0.120016	4551.625000
1124.317936	1.788442	0.120016	6164.799805
1124.318944	1.725996	0.120016	7904.604004
1124.320008	1.663769	0.120016	9674.854492
1124.320907	1.612339	0.120016	11124.347656
1124.321791	1.563428	0.120016	12506.417969
1124.322884	0.580166	0.120016	13140.539062
1124.323837	0.090725	0.120016	13227.000000
1124.324697	0.090850	0.120016	13305.130859
1124.325717	0.090974	0.120016	13397.924805
1124.326750	0.090857	0.120016	13491.780273
1124.327633	0.090912	0.120016	13572.055664
1124.328544	0.090912	0.120016	13654.875977
1124.329625	0.090901	0.120016	13753.139648
1124.330560	0.090956	0.120016	13838.183594
1124.331422	0.090901	0.120016	13916.540039
1124.332454	0.090941	0.120016	14010.391602
1125.338171	1.455117	0.126920	612.604309
1125.339259	1.903748	0.126920	2683.881836
1125.340270	1.847465	0.126920	4551.668457
1125.341147	1.789852	0.126920	6121.369141
1125.342149	1.727223	0.126920	7852.046387
1125.343216	1.665033	0.126920	9628.636719
1125.344117	1.613628	0.126920	11082.515625
1125.345005	1.563754	0.126920	12471.128906
1125.346113	0.552404	0.126920	13083.192383
1125.347070	0.090696	0.126920	13169.988281
1125.347937	0.090883	0.126920	13248.783203
1125.348956	0.090967	0.126920	13341.478516
1125.349984	0.090875	0.126920	13434.898437
1125.350873	0.090883	0.126920	13515.693359
1125.351747	0.090765	0.126920	13595.022461
1125.352650	0.091036	0.126920	13677.228516
1125.353665	0.090941	0.126920	13769.534180
1125.354574	0.090780	0.126920	13852.052734
1125.355451	0.090875	0.126920	13931.750000
1126.403545	1.499916	0.120104	668.962402
1126.404422	1.911167	0.120104	2345.055908
1126.405451	1.857945	0.120104	4256.881836
1126.406508	1.790548	0.120104	6149.491211
1126.407394	1.733503	0.120104	7685.375000
1126.408301	1.678191	0.120104	9207.494141
1126.409392	1.617997	0.120104	10972.728516
1126.410336	1.566606	0.120104	12451.605469
1126.411213	0.914180	0.120104	13253.340820
1126.412241	0.091780	0.120104	13347.690430
1126.413267	0.090886	0.120104	13440.939453
1126.414156	0.090868	0.120104	13521.720703
1126.415100	0.090886	0.120104	13607.517578
1126.416164	0.090897	0.120104	13704.232422
1126.417095	0.090875	0.120104	13788.836914
1126.417963	0.090952	0.120104	13867.783203
1126.419031	0.090879	0.120104	13964.841797
1126.420035	0.090875	0.120104	14056.080078
1126.420927	0.090787	0.120104	14137.062500
1127.427165	1.483704	0.130348	661.731812
1127.428027	1.909248	0.130348	2307.503418
1127.429102	1.854423	0.130348	4301.007812
1127.430079	1.791215	0.130348	6051.024414
1127.430962	1.736396	0.130348	7584.262695
1127.431962	1.676686	0.130348	9260.948242
1127.433022	1.617788	0.130348	10975.803711
1127.433921	1.568177	0.130348	12385.595703
1127.434824	0.895411	0.130348	13194.152344
1127.435915	0.091157	0.130348	13293.604492
1127.436880	0.090831	0.130348	13381.256836
1127.437750	0.090842	0.130348	13460.290039
1127.438778	0.091011	0.130348	13553.848633
1127.439810	0.090842	0.130348	13647.597656
1127.440702	0.090798	0.130348	13728.589844
1127.441646	0.090978	0.130348	13814.472656
1127.442685	0.091000	0.130348	13909.021484
1127.443627	0.090883	0.130348	13994.632812
1127.444488	0.090868	0.130348	14072.870117
1128.490939	1.453297	0.119158	617.651306
1128.491959	1.905663	0.119158	2561.427246
1128.493005	1.849296	0.119158	4495.790527
1128.493901	1.790588	0.119158	6100.157715
1128.494835	1.731709	0.119158	7717.574219
1128.495905	1.668344	0.119158	9502.702148
1128.496852	1.615528	0.119158	11032.607422
1128.497723	1.567789	0.119158	12398.152344
1128.498801	0.660527	0.119158	13110.201172
1128.499808	0.090703	0.119158	13201.539062
1128.500698	0.090795	0.119158	13282.346680
1128.501662	0.091000	0.119158	13370.070312
1128.502698	0.090916	0.119158	13464.258789
1128.503624	0.090872	0.119158	13548.406250
1128.504487	0.090908	0.119158	13626.860352
1128.505557	0.091033	0.119158	13724.265625
1128.506559	0.090813	0.119158	13815.259766
1128.507439	0.090908	0.119158	13895.258789
1128.508431	0.090941	0.119158	13985.472656
1129.514906	1.508668	0.142570	787.524780
1129.515978	1.900532	0.142570	2824.895508
1129.516880	1.848472	0.142570	4492.216797
1129.517755	1.790065	0.142570	6058.523437
1129.518840	1.723707	0.142570	7928.746094
1129.519830	1.664681	0.142570	9576.781250
1129.520731	1.614705	0.142570	11031.629883
1129.521721	1.562135	0.142570	12578.143555
1129.522768	0.525106	0.142570	13127.929687
1129.523665	0.090703	0.142570	13209.290039
1129.524527	0.090850	0.142570	13287.602539
1129.525636	0.090967	0.142570	13388.484375
1129.526611	0.090879	0.142570	13477.091797
1129.527481	0.090853	0.142570	13556.133789
1129.528530	0.091014	0.142570	13651.607422
1129.529565	0.090959	0.142570	13745.750000
1129.530456	0.090872	0.142570	13826.716797
1129.531378	0.090996	0.142570	13910.615234
1129.532434	0.090956	0.142570	14006.665039
1130.579127	1.522167	0.119420	835.669556
1130.580055	1.906033	0.119420	2604.468018
1130.580929	1.857466	0.119420	4227.893066
1130.581913	1.794814	0.119420	5993.990234
1130.582932	1.729834	0.119420	7756.690918
1130.583831	1.676704	0.119420	9264.047852
1130.584698	1.625936	0.119420	10673.734375
1130.585780	1.568800	0.119420	12371.175781
1130.586719	0.876665	0.119420	13194.364258
1130.587600	0.092556	0.119420	13275.906250
1130.588565	0.090861	0.119420	13363.586914
1130.589567	0.090916	0.119420	13454.684570
1130.590458	0.090857	0.119420	13535.637695
1130.591320	0.090923	0.119420	13614.013672
1130.592371	0.090945	0.119420	13709.596680
1130.593296	0.090883	0.119420	13793.663086
1130.594170	0.091044	0.119420	13873.235352
1130.595110	0.090923	0.119420	13958.703125
1130.596161	0.090938	0.119420	14054.278320
1131.603775	1.456615	0.130457	620.518005
1131.604779	1.905505	0.130457	2533.645508
1131.605839	1.850013	0.130457	4494.659668
1131.606738	1.790479	0.130457	6104.299805
1131.607603	1.733547	0.130457	7603.818359
1131.608702	1.670248	0.130457	9439.420898
1131.609676	1.615126	0.130457	11012.553711
1131.610563	1.567767	0.130457	12403.163086
1131.611575	0.749546	0.130457	13161.703125
1131.612624	0.090872	0.130457	13257.027344
1131.613512	0.090963	0.130457	13337.802734
1131.614386	0.090989	0.130457	13417.327148
1131.615492	0.091011	0.130457	13517.985352
1131.616444	0.090930	0.130457	13604.550781
1131.617309	0.090923	0.130457	13683.199219
1131.618334	0.091000	0.130457	13776.473633
1131.619365	0.090934	0.130457	13870.226562
1131.620256	0.090959	0.130457	13951.271484
1131.621174	0.091011	0.130457	14034.819336
1132.666205	1.507617	0.119641	679.935303
1132.667081	1.910936	0.119641	2353.915527
1132.668095	1.858499	0.119641	4238.433105
1132.669153	1.791174	0.119641	6133.495605
1132.670040	1.733859	0.119641	7671.428223
1132.670908	1.679550	0.119641	9129.277344
1132.672011	1.619967	0.119641	10916.100586
1132.672974	1.567808	0.119641	12425.899414
1132.673839	0.965021	0.119641	13260.642578
1132.674869	0.092670	0.119641	13356.092773
1132.675922	0.090879	0.119641	13451.788086
1132.676805	0.090872	0.119641	13532.027344
1132.677728	0.090992	0.119641	13616.013672
1132.678786	0.090908	0.119641	13712.194336
1132.679734	0.090831	0.119641	13798.302734
1132.680601	0.090923	0.119641	13877.132812
1132.681647	0.091003	0.119641	13972.322266
1132.682662	0.091000	0.119641	14064.687500
1132.683557	0.090923	0.119641	14146.063477
1133.692550	1.542883	0.132544	749.841248
1133.693443	1.909310	0.132544	2454.855469
1133.694323	1.862534	0.132544	4093.885498
1133.695283	1.801794	0.132544	5823.608398
1133.696245	1.740136	0.132544	7497.618652
1133.697166	1.685413	0.132544	9049.883789
1133.698047	1.634586	0.132544	10489.954102
1133.699087	1.579259	0.132544	12132.383789
1133.699978	1.228440	0.132544	13226.923828
1133.700861	0.112621	0.132544	13326.368164
1133.701753	0.090861	0.132544	13407.416016
1133.702784	0.090853	0.132544	13501.085937
1133.703677	0.090974	0.132544	13582.326172
1133.704533	0.090956	0.132544	13660.184570
1133.705622	0.090938	0.132544	13759.215820
1133.706522	0.090992	0.132544	13841.109375
1133.707400	0.091018	0.132544	13921.023437
1133.708383	0.090985	0.132544	14010.461914
1133.709367	0.090941	0.132544	14099.948242
1134.754486	1.547091	0.109462	850.900024
1134.755558	1.898775	0.109462	2886.386230
1134.756469	1.846417	0.109462	4568.472656
1134.757336	1.786388	0.109462	6117.270996
1134.758472	1.719181	0.109462	8070.260742
1134.759436	1.662656	0.109462	9673.061523
1134.760312	1.613210	0.109462	11086.234375
1134.761332	1.558524	0.109462	12675.928711
1134.762376	0.429379	0.109462	13124.200195
1134.763272	0.090846	0.109462	13205.598633
1134.764170	0.090974	0.109462	13287.292969
1134.765243	0.091011	0.109462	13384.947266
1134.766201	0.090908	0.109462	13472.037109
1134.767063	0.090978	0.109462	13550.459961
1134.768106	0.091029	0.109462	13645.403320
1134.769118	0.090996	0.109462	13737.491211
1134.770009	0.090883	0.109462	13818.467773
1134.770962	0.091040	0.109462	13905.228516
1134.772014	0.090978	0.109462	14000.937500
1135.780410	1.452697	0.146071	611.585266
1135.781480	1.904473	0.146071	2649.371094
1135.782492	1.848285	0.146071	4519.835449
1135.783372	1.790468	0.146071	6095.446777
1135.784361	1.729113	0.146071	7805.539062
1135.785413	1.666732	0.146071	9558.941406
1135.786323	1.615019	0.146071	11028.609375
1135.787194	1.566138	0.146071	12392.714844
1135.788298	0.628726	0.146071	13086.828125
1135.789274	0.090776	0.146071	13175.425781
1135.790143	0.090897	0.146071	13254.415039
1135.791221	0.090981	0.146071	13352.493164
1135.792261	0.090923	0.146071	13447.052734
1135.793150	0.090839	0.146071	13527.808594
1135.794058	0.090978	0.146071	13610.416016
1135.795130	0.090989	0.146071	13707.956055
1135.796079	0.090923	0.146071	13794.242187
1135.796940	0.090959	0.146071	13872.558594
1135.797989	0.090974	0.146071	13967.990234
1136.841632	1.533699	0.123758	782.186340
1136.842584	1.906582	0.123758	2597.252441
1136.843453	1.857975	0.123758	4211.832520
1136.844345	1.797839	0.123758	5815.504883
1136.845458	1.731112	0.123758	7742.232422
1136.846356	1.677114	0.123758	9248.281250
1136.847261	1.624779	0.123758	10718.706055
1136.848342	1.567079	0.123758	12412.718750
1136.849289	0.829585	0.123758	13198.335937
1136.850158	0.092300	0.123758	13278.544922
1136.851200	0.090996	0.123758	13373.363281
1136.852231	0.090850	0.123758	13467.029297
1136.853125	0.090883	0.123758	13548.278320
1136.854074	0.090978	0.123758	13634.616211
1136.855126	0.090952	0.123758	13730.297852
1136.856065	0.090850	0.123758	13815.605469
1136.856928	0.090868	0.123758	13894.024414
1136.857983	0.091033	0.123758	13990.063477
1136.858983	0.090897	0.123758	14080.960937
1137.868573	1.538353	0.139102	792.251953
1137.869470	1.908219	0.139102	2503.924316
1137.870336	1.858740	0.139102	4113.593262
1137.871445	1.790599	0.139102	6099.368164
1137.872418	1.729702	0.139102	7782.368164
1137.873280	1.677784	0.139102	9228.618164
1137.874366	1.616459	0.139102	10984.092773
1137.875397	1.561084	0.139102	12593.570312
1137.876297	0.705634	0.139102	13228.640625
1137.877228	0.091436	0.139102	13313.767578
1137.878286	0.090934	0.139102	13409.975586
1137.879231	0.090846	0.139102	13495.825195
1137.880099	0.090901	0.139102	13574.727539
1137.881144	0.090952	0.139102	13669.772461
1137.882165	0.090989	0.139102	13762.671875
1137.883056	0.090934	0.139102	13843.694336
1137.884006	0.090967	0.139102	13930.112305
1137.885068	0.090996	0.139102	14026.750000
1137.885998	0.090875	0.139102	14111.263672
1138.930103	1.451276	0.127960	613.889648
1138.931176	1.903484	0.127960	2656.327881
1138.932187	1.847304	0.127960	4523.951660
1138.933088	1.789072	0.127960	6135.905762
1138.934083	1.727183	0.127960	7854.452637
1138.935140	1.664821	0.127960	9614.167969
1138.936055	1.613068	0.127960	11090.125000
1138.936924	1.563984	0.127960	12449.227539
1138.938044	0.557670	0.127960	13073.817383
1138.939012	0.090806	0.127960	13161.716797
1138.939933	0.090835	0.127960	13245.375977
1138.940798	0.090974	0.127960	13324.068359
1138.941858	0.090945	0.127960	13420.469727
1138.942745	0.090824	0.127960	13501.030273
1138.943623	0.090864	0.127960	13580.809570
1138.944483	0.090978	0.127960	13659.050781
1138.945537	0.090802	0.127960	13754.755859
1138.946428	0.090894	0.127960	13835.742187
1138.947309	0.090916	0.127960	13915.838867
1139.956039	1.458834	0.140331	630.216370
1139.956909	1.911138	0.140331	2292.906250
1139.957825	1.863915	0.140331	4000.252197
1139.958838	1.799220	0.140331	5822.862305
1139.959773	1.740707	0.140331	7450.422852
1139.960665	1.687734	0.140331	8955.881836
1139.961685	1.630690	0.140331	10619.185547
1139.962590	1.579929	0.140331	12049.021484
1139.963469	1.310061	0.140331	13200.565430
1139.964487	0.119923	0.140331	13322.647461
1139.965481	0.090743	0.140331	13412.846680
1139.966371	0.090897	0.140331	13493.745117
1139.967227	0.090773	0.140331	13571.446289
1139.968284	0.090912	0.140331	13667.540039
1139.969186	0.090813	0.140331	13749.453125
1139.970068	0.090912	0.140331	13829.637695
1139.971037	0.090981	0.140331	13917.798828
1139.972037	0.090806	0.140331	14008.604492
1139.972930	0.090905	0.140331	14089.782227
1141.018702	1.486326	0.124495	653.983337
1141.019585	1.910709	0.124495	2341.139648
1141.020604	1.858213	0.124495	4234.658691
1141.021661	1.790794	0.124495	6127.527344
1141.022547	1.733881	0.124495	7663.745605
1141.023419	1.679652	0.124495	9128.402344
1141.024528	1.619447	0.124495	10924.369141
1141.025492	1.567354	0.124495	12435.297852
1141.026359	0.954327	0.124495	13262.699219
1141.027400	0.092523	0.124495	13359.015625
1141.028430	0.090842	0.124495	13452.583008
1141.029305	0.090959	0.124495	13532.172852
1141.030218	0.090941	0.124495	13615.202148
1141.031288	0.090989	0.124495	13712.560547
1141.032240	0.090839	0.124495	13799.039062
1141.033108	0.090894	0.124495	13877.934570
1141.034136	0.091077	0.124495	13971.561523
1141.035164	0.090883	0.124495	14064.989258
1141.036059	0.090908	0.124495	14146.352539
1142.043841	1.589795	0.133494	890.285156
1142.044907	1.899152	0.133494	2914.780762
1142.045800	1.846901	0.133494	4564.062988
1142.046677	1.787245	0.133494	6131.476562
1142.047783	1.720723	0.133494	8034.595703
1142.048750	1.664268	0.133494	9643.942383
1142.049621	1.614906	0.133494	11050.525391
1142.050662	1.559073	0.133494	12673.520508
1142.051700	0.450710	0.133494	13141.358398
1142.052596	0.090732	0.133494	13222.654297
1142.053517	0.090897	0.133494	13306.371094
1142.054381	0.090842	0.133494	13384.858398
1142.055384	0.090842	0.133494	13475.973633
1142.056314	0.090813	0.133494	13560.429687
1142.057169	0.090901	0.133494	13638.150391
1142.058264	0.090897	0.133494	13737.682617
1142.059138	0.090831	0.133494	13817.069336
1142.060011	0.090894	0.133494	13896.418945
1142.060889	0.090795	0.133494	13976.136719
1143.105978	1.445680	0.122106	610.076904
1143.106973	1.905187	0.122106	2505.737793
1143.108042	1.849365	0.122106	4482.708984
1143.108948	1.789797	0.122106	6104.265625
1143.109819	1.732848	0.122106	7613.576172
1143.110925	1.669270	0.122106	9459.789062
1143.111904	1.615140	0.122106	11041.011719
1143.112776	1.567756	0.122106	12408.095703
1143.113818	0.702349	0.122106	13139.943359
1143.114859	0.090784	0.122106	13234.449219
1143.115751	0.090890	0.122106	13315.523437
1143.116682	0.090956	0.122106	13400.203125
1143.117753	0.091014	0.122106	13497.679687
1143.118704	0.090894	0.122106	13584.119141
1143.119567	0.090908	0.122106	13662.573242
1143.120617	0.091029	0.122106	13758.153320
1143.121631	0.090945	0.122106	13850.371094
1143.122516	0.090864	0.122106	13930.786133
1143.123464	0.090923	0.122106	14016.981445
1144.130578	1.531794	0.145362	768.960815
1144.131578	1.903788	0.145362	2672.748535
1144.132476	1.853771	0.145362	4337.434570
1144.133449	1.791460	0.145362	6080.524902
1144.134508	1.724905	0.145362	7907.199219
1144.135436	1.669684	0.145362	9456.666016
1144.136302	1.619366	0.145362	10859.037109
1144.137382	1.562245	0.145362	12546.261719
1144.138390	0.575537	0.145362	13126.403320
1144.139290	0.090872	0.145362	13208.187500
1144.140296	0.091062	0.145362	13299.795898
1144.141348	0.090919	0.145362	13395.443359
1144.142227	0.090923	0.145362	13475.364258
1144.143088	0.091091	0.145362	13553.793945
1144.144176	0.091007	0.145362	13652.809570
1144.145142	0.090919	0.145362	13740.637695
1144.146001	0.090868	0.145362	13818.693359
1144.147057	0.090974	0.145362	13914.761719
1144.148085	0.090963	0.145362	14008.271484
1145.194843	1.502018	0.122521	680.414062
1145.195724	1.910380	0.122521	2363.458496
1145.196716	1.858323	0.122521	4206.915039
1145.197774	1.790350	0.122521	6101.105469
1145.198688	1.732797	0.122521	7684.881836
1145.199561	1.678916	0.122521	9150.575195
1145.200656	1.618623	0.122521	10922.967773
1145.201644	1.565024	0.122521	12469.211914
1145.202544	0.853293	0.122521	13237.175781
1145.203531	0.092578	0.122521	13328.550781
1145.204578	0.091007	0.122521	13423.834961
1145.205470	0.090948	0.122521	13504.960937
1145.206348	0.091069	0.122521	13584.919922
1145.207434	0.091022	0.122521	13683.769531
1145.208401	0.090974	0.122521	13771.741211
1145.209265	0.090967	0.122521	13850.336914
1145.210300	0.091029	0.122521	13944.551758
1145.211324	0.090981	0.122521	14037.716797
1145.212202	0.090912	0.122521	14117.537109
1146.218077	1.502593	0.150280	686.684937
1146.218962	1.910120	0.150280	2377.140869
1146.219961	1.858539	0.150280	4233.821289
1146.221016	1.790764	0.150280	6123.077148
1146.221923	1.732870	0.150280	7694.790039
1146.222786	1.679293	0.150280	9144.020508
1146.223883	1.619388	0.150280	10920.489258
1146.224882	1.565054	0.150280	12483.977539
1146.225771	0.863613	0.150280	13251.729492
1146.226773	0.092344	0.150280	13344.257812
1146.227819	0.090930	0.150280	13439.371094
1146.228707	0.090938	0.150280	13520.124023
1146.229572	0.090952	0.150280	13598.797852
1146.230665	0.091095	0.150280	13698.364258
1146.231636	0.090846	0.150280	13786.575195
1146.232503	0.090996	0.150280	13865.468750
1146.233511	0.091022	0.150280	13957.218750
1146.234545	0.090989	0.150280	14051.300781
1146.235432	0.090945	0.150280	14131.968750
1147.282999	1.448448	0.124193	608.348328
1147.284074	1.903773	0.124193	2654.904541
1147.285011	1.852496	0.124193	4390.693359
1147.285875	1.795367	0.124193	5941.890625
1147.286936	1.729827	0.124193	7777.236328
1147.287967	1.668838	0.124193	9497.808594
1147.288851	1.618744	0.124193	10928.778320
1147.289844	1.566270	0.124193	12484.083984
1147.290892	0.640657	0.124193	13155.492187
1147.291791	0.090897	0.124193	13237.208984
1147.292658	0.090872	0.124193	13315.995117
1147.293732	0.091121	0.124193	13413.858398
1147.294725	0.090879	0.124193	13504.101562
1147.295618	0.090963	0.124193	13585.332031
1147.296603	0.090996	0.124193	13674.962891
1147.297661	0.091014	0.124193	13771.255859
1147.298555	0.090853	0.124193	13852.478516
1147.299414	0.090992	0.124193	13930.640625
1147.300518	0.091000	0.124193	14031.104492
1148.305971	1.448928	0.144069	607.100952
1148.307060	1.903220	0.144069	2679.708008
1148.308041	1.849325	0.144069	4493.895508
1148.308913	1.791855	0.144069	6056.393555
1148.309996	1.724557	0.144069	7924.088867
1148.311035	1.663403	0.144069	9652.365234
1148.311934	1.612669	0.144069	11102.154297
1148.312873	1.562377	0.144069	12569.225586
1148.313939	0.527366	0.144069	13131.397461
1148.314876	0.090839	0.144069	13216.513672
1148.315738	0.090974	0.144069	13294.933594
1148.316795	0.091091	0.144069	13391.216797
1148.317802	0.090864	0.144069	13482.716797
1148.318683	0.090923	0.144069	13562.820312
1148.319652	0.091051	0.144069	13651.048828
1148.320702	0.091040	0.144069	13746.640625
1148.321626	0.090923	0.144069	13830.653320
1148.322481	0.090981	0.144069	13908.442383
1148.323524	0.091132	0.144069	14003.492187
1149.371467	1.461991	0.120487	640.352051
1149.372345	1.910775	0.120487	2318.012695
1149.373296	1.862080	0.120487	4088.850830
1149.374337	1.795485	0.120487	5957.950195
1149.375228	1.739106	0.120487	7507.494141
1149.376096	1.685973	0.120487	8970.918945
1149.377179	1.625350	0.120487	10731.172852
1149.378128	1.573868	0.120487	12224.773437
1149.379016	1.125326	0.120487	13224.062500
1149.379973	0.103059	0.120487	13322.690430
1149.380990	0.090864	0.120487	13415.099609
1149.381879	0.090945	0.120487	13495.949219
1149.382840	0.091066	0.120487	13583.462891
1149.383877	0.090934	0.120487	13677.761719
1149.384809	0.090938	0.120487	13762.515625
1149.385664	0.090981	0.120487	13840.304687
1149.386706	0.091128	0.120487	13935.259766
1149.387712	0.090941	0.120487	14026.746094
1149.388599	0.090905	0.120487	14107.378906
1150.393889	1.546751	0.143102	788.842773
1150.394801	1.907358	0.143102	2528.353516
1150.395666	1.858557	0.143102	4136.005371
1150.396756	1.790310	0.143102	6087.443359
1150.397750	1.727633	0.143102	7804.710449
1150.398630	1.675653	0.143102	9279.285156
1150.399646	1.619051	0.143102	10924.241211
1150.400702	1.562820	0.143102	12574.579102
1150.401593	0.752274	0.143102	13244.855469
1150.402450	0.091626	0.143102	13323.378906
1150.403548	0.090952	0.143102	13423.244141
1150.404505	0.090839	0.143102	13510.176758
1150.405369	0.090842	0.143102	13588.664062
1150.406428	0.090916	0.143102	13684.943359
1150.407474	0.090901	0.143102	13780.025391
1150.408368	0.090912	0.143102	13861.300781
1150.409302	0.090930	0.143102	13946.229492
1150.410366	0.090948	0.143102	14042.999023
1150.411310	0.090853	0.143102	14128.764648
1151.459772	1.453513	0.117119	616.289551
1151.460807	1.906029	0.117119	2589.029785
1151.461689	1.857784	0.117119	4227.595703
1151.462556	1.801414	0.117119	5789.421387
1151.463526	1.741022	0.117119	7478.212402
1151.464487	1.682710	0.117119	9095.296875
1151.465370	1.632341	0.117119	10536.654297
1151.466301	1.581863	0.117119	12009.368164
1151.467366	1.075858	0.117119	13155.157227
1151.468264	0.097500	0.117119	13242.711914
1151.469125	0.090798	0.117119	13320.889648
1151.470173	0.090967	0.117119	13416.222656
1151.471150	0.090981	0.117119	13505.111328
1151.472029	0.090905	0.117119	13585.016602
1151.472935	0.091018	0.117119	13667.478516
1151.474006	0.090963	0.117119	13764.900391
1151.474884	0.090890	0.117119	13844.702148
1151.475743	0.090897	0.117119	13922.783203
1151.476775	0.091011	0.117119	14016.706055
1152.481598	1.450887	0.144995	613.725403
1152.482585	1.905758	0.144995	2494.708496
1152.483646	1.850156	0.144995	4457.724121
1152.484567	1.789794	0.144995	6106.124023
1152.485430	1.734060	0.144995	7602.617676
1152.486511	1.671551	0.144995	9409.564453
1152.487505	1.615466	0.144995	11015.337891
1152.488382	1.567837	0.144995	12390.331055
1152.489378	0.774598	0.144995	13161.831055
1152.490437	0.090974	0.144995	13258.172852
1152.491330	0.090828	0.144995	13339.282227
1152.492193	0.090908	0.144995	13417.736328
1152.493286	0.090952	0.144995	13517.147461
1152.494247	0.090923	0.144995	13604.524414
1152.495134	0.090927	0.144995	13685.175781
1152.496125	0.091022	0.144995	13775.377930
1152.497170	0.090959	0.144995	13870.430664
1152.498060	0.090861	0.144995	13951.296875
1152.498926	0.090930	0.144995	14030.041992
1153.547140	1.523159	0.119407	753.963806
1153.548022	1.909277	0.119407	2437.946533
1153.548940	1.859311	0.119407	4144.794434
1153.550028	1.790208	0.119407	6092.540039
1153.550983	1.730196	0.119407	7744.877930
1153.551905	1.675891	0.119407	9290.049805
1153.552775	1.625808	0.119407	10704.502930
1153.553823	1.570279	0.119407	12350.156250
1153.554721	0.986744	0.119407	13236.252930
1153.555595	0.095237	0.119407	13319.490234
1153.556527	0.090872	0.119407	13404.182617
1153.557533	0.090894	0.119407	13495.621094
1153.558427	0.090894	0.119407	13576.879883
1153.559314	0.090864	0.119407	13657.476562
1153.560309	0.090967	0.119407	13747.988281
1153.561219	0.090868	0.119407	13830.677734
1153.562143	0.090842	0.119407	13914.616211
1153.563006	0.090919	0.119407	13993.079102
1153.564051	0.090890	0.119407	14088.058594
1154.570382	1.528088	0.146482	756.403809
1154.571261	1.909156	0.146482	2434.552246
1154.572126	1.863186	0.146482	4046.208008
1154.573173	1.797034	0.146482	5927.702148
1154.574129	1.736554	0.146482	7587.847656
1154.574997	1.684072	0.146482	9049.622070
1154.575876	1.631356	0.146482	10483.583984
1154.576984	1.573989	0.146482	12227.564453
1154.577888	1.098933	0.146482	13221.000000
1154.578755	0.100184	0.146482	13307.859375
1154.579768	0.090916	0.146482	13399.957031
1154.580751	0.090846	0.146482	13489.258789
1154.581615	0.090842	0.146482	13567.746094
1154.582731	0.091029	0.146482	13669.334961
1154.583767	0.090912	0.146482	13763.519531
1154.584663	0.090835	0.146482	13844.907227
1154.585593	0.090916	0.146482	13929.458984
1154.586650	0.091014	0.146482	14025.661133
1154.587589	0.090861	0.146482	14110.979492
1155.635129	1.455088	0.126626	614.047119
1155.636212	1.903026	0.126626	2675.024414
1155.637212	1.847523	0.126626	4522.547363
1155.638090	1.789552	0.126626	6093.773926
1155.639081	1.727831	0.126626	7806.054199
1155.640139	1.665839	0.126626	9568.511719
1155.641044	1.614185	0.126626	11029.348633
1155.641912	1.565405	0.126626	12388.120117
1155.643020	0.621317	0.126626	13076.539062
1155.643983	0.090762	0.126626	13163.942383
1155.644848	0.090857	0.126626	13242.533203
1155.645896	0.090981	0.126626	13337.881836
1155.646930	0.090948	0.126626	13431.922852
1155.647819	0.090857	0.126626	13512.694336
1155.648730	0.090912	0.126626	13595.514648
1155.649790	0.090930	0.126626	13691.900391
1155.650751	0.090806	0.126626	13779.165039
1155.651615	0.090945	0.126626	13857.741211
1155.652653	0.090981	0.126626	13952.179687
1156.659584	1.516080	0.143541	747.427612
1156.660555	1.906003	0.143541	2598.156738
1156.661426	1.857737	0.143541	4216.245117
1156.662500	1.788468	0.143541	6137.059570
1156.663532	1.724359	0.143541	7916.598145
1156.664430	1.670713	0.143541	9416.898437
1156.665308	1.621150	0.143541	10840.267578
1156.666246	1.570671	0.143541	12313.557617
1156.667259	0.847332	0.143541	13171.904297
1156.668184	0.091926	0.143541	13256.936523
1156.669048	0.090831	0.143541	13335.415039
1156.670083	0.090890	0.143541	13429.486328
1156.670956	0.090919	0.143541	13508.858398
1156.671831	0.090872	0.143541	13588.371094
1156.672697	0.090956	0.143541	13667.138672
1156.673744	0.090923	0.143541	13762.334961
1156.674633	0.090923	0.143541	13843.165039
1156.675512	0.090850	0.143541	13923.021484
1156.676488	0.090945	0.143541	14011.783203
1157.722312	1.586814	0.124560	898.136658
1157.723358	1.899393	0.124560	2884.901855
1157.724244	1.847889	0.124560	4522.131836
1157.725140	1.787670	0.124560	6123.883789
1157.726235	1.721785	0.124560	8009.237793
1157.727181	1.665773	0.124560	9585.058594
1157.728044	1.616664	0.124560	10980.239258
1157.729081	1.561278	0.124560	12599.285156
1157.730124	0.535525	0.124560	13157.837891
1157.730997	0.090765	0.124560	13237.076172
1157.731933	0.090894	0.124560	13322.152344
1157.732992	0.090919	0.124560	13418.435547
1157.733939	0.090846	0.124560	13504.466797
1157.734807	0.090930	0.124560	13583.394531
1157.735862	0.091084	0.124560	13679.488281
1157.736869	0.090853	0.124560	13770.977539
1157.737759	0.090930	0.124560	13851.905273
1157.738726	0.090952	0.124560	13939.856445
1157.739782	0.090985	0.124560	14035.936523
1158.747332	1.466210	0.152303	634.868774
1158.748199	1.908380	0.152303	2289.434326
1158.749316	1.852544	0.152303	4358.725586
1158.750292	1.788666	0.152303	6104.463379
1158.751189	1.733024	0.152303	7658.985352
1158.752215	1.672606	0.152303	9375.079102
1158.753257	1.614522	0.152303	11057.410156
1158.754151	1.565321	0.152303	12456.807617
1158.755055	0.845892	0.152303	13221.494141
1158.756133	0.091212	0.152303	13319.821289
1158.757080	0.090901	0.152303	13405.904297
1158.757942	0.090886	0.152303	13484.248047
1158.758979	0.091014	0.152303	13578.629883
1158.760003	0.090905	0.152303	13671.715820
1158.760885	0.090828	0.152303	13751.826172
1158.761807	0.090908	0.152303	13835.643555
1158.762866	0.090963	0.152303	13931.973633
1158.763814	0.090897	0.152303	14018.144531
1158.764679	0.090981	0.152303	14096.843750
1159.809424	1.528462	0.120572	776.458679
1159.810364	1.906219	0.120572	2568.304932
1159.811232	1.858030	0.120572	4181.074707
1159.812297	1.790039	0.120572	6087.466309
1159.813318	1.726564	0.120572	7850.288086
1159.814214	1.673185	0.120572	9349.461914
1159.815179	1.619670	0.120572	10912.443359
1159.816216	1.563105	0.120572	12533.383789
1159.817144	0.731668	0.120572	13212.371094
1159.817999	0.091589	0.120572	13290.679687
1159.819065	0.091066	0.120572	13387.755859
1159.820074	0.090879	0.120572	13479.453125
1159.820951	0.090938	0.120572	13559.205078
1159.821932	0.090981	0.120572	13648.458008
1159.822976	0.090956	0.120572	13743.416016
1159.823877	0.090846	0.120572	13825.268555
1159.824743	0.090912	0.120572	13903.998047
1159.825807	0.090989	0.120572	14000.810547
1159.826798	0.090919	0.120572	14090.911133
1160.836698	1.497733	0.146220	672.482178
1160.837573	1.909801	0.146220	2343.558105
1160.838576	1.857385	0.146220	4206.515625
1160.839653	1.789600	0.146220	6133.914062
1160.840543	1.732101	0.146220	7675.483887
1160.841418	1.677312	0.146220	9143.131836
1160.842538	1.616514	0.146220	10953.626953
1160.843508	1.564570	0.146220	12471.259766
1160.844384	0.882667	0.146220	13244.476562
1160.845403	0.091769	0.146220	13337.989258
1160.846451	0.090923	0.146220	13433.276367
1160.847345	0.090897	0.146220	13514.538086
1160.848275	0.090992	0.146220	13599.161133
1160.849334	0.091022	0.146220	13695.552734
1160.850284	0.090923	0.146220	13781.929687
1160.851145	0.090857	0.146220	13860.157227
1160.852191	0.091029	0.146220	13955.374023
1160.853198	0.090934	0.146220	14046.944336
1160.854092	0.090857	0.146220	14128.170898
1161.896244	1.568145	0.129261	832.684753
1161.897143	1.906447	0.129261	2546.580322
1161.898019	1.859073	0.129261	4175.128906
1161.898913	1.799194	0.129261	5783.608398
1161.899964	1.734943	0.129261	7607.033203
1161.900860	1.681304	0.129261	9113.481445
1161.901734	1.631221	0.129261	10539.167969
1161.902741	1.577336	0.129261	12127.545898
1161.903661	1.129834	0.129261	13166.993164
1161.904584	0.100778	0.129261	13260.010742
1161.905456	0.090886	0.129261	13339.263672
1161.906493	0.090970	0.129261	13433.599609
1161.907387	0.090970	0.129261	13514.926758
1161.908246	0.091040	0.129261	13593.129883
1161.909323	0.090985	0.129261	13691.121094
1161.910251	0.090934	0.129261	13775.507812
1161.911125	0.090930	0.129261	13854.980469
1161.912081	0.091036	0.129261	13942.011719
1161.913093	0.090901	0.129261	14034.002930
1162.924088	1.445028	0.146276	606.911804
1162.925103	1.904700	0.146276	2540.182129
1162.926161	1.848801	0.146276	4496.213867
1162.927058	1.789178	0.146276	6101.106934
1162.927955	1.731387	0.146276	7654.161133
1162.929060	1.667519	0.146276	9496.770508
1162.930025	1.613540	0.146276	11053.836914
1162.930897	1.566178	0.146276	12419.543945
1162.931952	0.668679	0.146276	13125.000000
1162.932961	0.090813	0.146276	13216.629883
1162.933838	0.090886	0.146276	13296.336914
1162.934775	0.090981	0.146276	13381.586914
1162.935824	0.090978	0.146276	13477.022461
1162.936759	0.090872	0.146276	13561.987305
1162.937615	0.090828	0.146276	13639.735352
1162.938670	0.091069	0.146276	13735.813477
1162.939686	0.090857	0.146276	13828.124023
1162.940556	0.090846	0.146276	13907.160156
1162.941518	0.090959	0.146276	13994.663086
1163.985563	1.546124	0.116318	793.161743
1163.986523	1.904857	0.116318	2621.824707
1163.987384	1.856953	0.116318	4220.661133
1163.988414	1.790145	0.116318	6064.510742
1163.989462	1.725443	0.116318	7872.774902
1163.990360	1.671698	0.116318	9373.959961
1163.991273	1.620322	0.116318	10853.314453
1163.992154	1.572524	0.116318	12238.708984
1163.993121	0.955770	0.116318	13162.938477
1163.994068	0.092838	0.116318	13250.856445
1163.994959	0.090872	0.116318	13331.823242
1163.995951	0.090981	0.116318	13422.077148
1163.996860	0.090930	0.116318	13504.732422
1163.997787	0.090956	0.116318	13589.048828
1163.998650	0.090908	0.116318	13667.502930
1163.999686	0.090916	0.116318	13761.691406
1164.000561	0.090894	0.116318	13841.223633
1164.001435	0.090905	0.116318	13920.673828
1164.002430	0.090919	0.116318	14011.138672
1165.012142	1.570415	0.153274	826.038330
1165.013105	1.904341	0.153274	2659.918457
1165.013986	1.854965	0.153274	4294.142578
1165.014899	1.795074	0.153274	5933.045410
1165.015976	1.728929	0.153274	7795.102539
1165.016876	1.674705	0.153274	9302.336914
1165.017796	1.622263	0.153274	10794.819336
1165.018883	1.564021	0.153274	12494.910156
1165.019843	0.727280	0.153274	13193.099609
1165.020704	0.091501	0.153274	13271.882812
1165.021759	0.091051	0.153274	13367.941406
1165.022763	0.090967	0.153274	13459.272461
1165.023654	0.090901	0.153274	13540.265625
1165.024596	0.091036	0.153274	13626.021484
1165.025632	0.090996	0.153274	13720.292969
1165.026562	0.090916	0.153274	13804.844727
1165.027420	0.090868	0.153274	13882.809570
1165.028477	0.091062	0.153274	13979.062500
1165.029499	0.090956	0.153274	14072.019531
1166.073666	1.456230	0.125974	623.266602
1166.074650	1.905048	0.125974	2497.833496
1166.075710	1.849651	0.125974	4458.463379
1166.076619	1.789907	0.125974	6085.489258
1166.077482	1.733547	0.125974	7581.540527
1166.078587	1.670229	0.125974	9427.144531
1166.079558	1.615031	0.125974	10995.338867
1166.080444	1.567632	0.125974	12384.260742
1166.081457	0.770416	0.125974	13164.692383
1166.082509	0.091014	0.125974	13260.439453
1166.083387	0.090901	0.125974	13340.250000
1166.084263	0.090989	0.125974	13419.956055
1166.085347	0.091044	0.125974	13518.647461
1166.086304	0.090868	0.125974	13605.608398
1166.087218	0.090897	0.125974	13688.688477
1166.088093	0.090923	0.125974	13768.246094
1166.089114	0.090959	0.125974	13861.115234
1166.090021	0.090795	0.125974	13943.465820
1166.090895	0.090897	0.125974	14022.910156
1167.099615	1.479371	0.148915	650.923401
1167.100539	1.908640	0.148915	2414.507080
1167.101408	1.862955	0.148915	4033.415283
1167.102459	1.796942	0.148915	5922.001465
1167.103341	1.740436	0.148915	7457.065918
1167.104206	1.688053	0.148915	8917.231445
1167.105260	1.628829	0.148915	10634.017578
1167.106221	1.576370	0.148915	12148.908203
1167.107096	1.212253	0.148915	13209.629883
1167.108001	0.113141	0.148915	13312.022461
1167.109083	0.090901	0.148915	13410.376953
1167.109978	0.090883	0.148915	13491.716797
1167.110841	0.090831	0.148915	13570.104492
1167.111876	0.091011	0.148915	13664.300781
1167.112853	0.090835	0.148915	13753.046875
1167.113729	0.090978	0.148915	13832.743164
1167.114587	0.091011	0.148915	13910.830078
1167.115708	0.090938	0.148915	14012.771484
1167.116588	0.090897	0.148915	14092.760742
1168.160899	1.477698	0.129982	737.371155
1168.161963	1.900283	0.129982	2759.272461
1168.162908	1.846959	0.129982	4504.648926
1168.163780	1.789321	0.129982	6064.937012
1168.164845	1.723425	0.129982	7900.384766
1168.165866	1.663165	0.129982	9598.476562
1168.166767	1.612808	0.129982	11051.616211
1168.167738	1.561011	0.129982	12567.357422
1168.168795	0.510103	0.129982	13106.536133
1168.169712	0.090787	0.129982	13189.788086
1168.170576	0.090941	0.129982	13268.361328
1168.171664	0.090981	0.129982	13367.349609
1168.172649	0.090919	0.129982	13456.905273
1168.173527	0.090850	0.129982	13536.670898
1168.174535	0.091022	0.129982	13628.420898
1168.175578	0.090941	0.129982	13723.272461
1168.176476	0.090901	0.129982	13804.901367
1168.177332	0.090974	0.129982	13882.775391
1168.178427	0.091014	0.129982	13982.436523
1169.186998	1.450928	0.151984	610.840576
1169.188039	1.903887	0.151984	2592.786621
1169.189071	1.848065	0.151984	4499.990234
1169.189956	1.789552	0.151984	6083.743652
1169.190835	1.734759	0.151984	7608.597168
1169.191814	1.677242	0.151984	9250.617187
1169.192770	1.622307	0.151984	10801.542969
1169.193695	1.572598	0.151984	12256.195312
1169.194567	1.114882	0.151984	13228.372070
1169.195597	0.094735	0.151984	13325.949219
1169.196491	0.090853	0.151984	13407.171875
1169.197367	0.090912	0.151984	13486.810547
1169.198277	0.091014	0.151984	13569.633789
1169.199291	0.091000	0.151984	13661.907227
1169.200220	0.090945	0.151984	13746.394531
1169.201080	0.090963	0.151984	13824.623047
1169.202083	0.091025	0.151984	13915.921875
1169.202988	0.090981	0.151984	13998.259766
1169.203870	0.090970	0.151984	14078.496094
1170.249789	1.453949	0.125623	619.382263
1170.250757	1.905619	0.125623	2464.021240
1170.251820	1.849856	0.125623	4430.417969
1170.252753	1.789442	0.125623	6099.967285
1170.253627	1.733456	0.125623	7615.007812
1170.254711	1.670218	0.125623	9425.524414
1170.255718	1.613126	0.125623	11049.942383
1170.256618	1.564801	0.125623	12458.263672
1170.257614	0.716261	0.125623	13171.659180
1170.258678	0.090820	0.125623	13268.291992
1170.259584	0.090787	0.125623	13350.544922
1170.260445	0.090996	0.125623	13428.892578
1170.261536	0.091073	0.125623	13528.252930
1170.262493	0.090905	0.125623	13615.249023
1170.263367	0.090959	0.125623	13694.748047
1170.264378	0.090985	0.125623	13786.734375
1170.265434	0.090992	0.125623	13882.822266
1170.266317	0.090890	0.125623	13963.078125
1170.267195	0.090956	0.125623	14042.937500
1171.274889	1.520566	0.146043	757.242065
1171.275837	1.905904	0.146043	2564.039551
1171.276701	1.858403	0.146043	4169.700195
1171.277748	1.791185	0.146043	6045.071289
1171.278784	1.726490	0.146043	7833.715332
1171.279682	1.673071	0.146043	9336.132812
1171.280649	1.619275	0.146043	10901.971680
1171.281700	1.562032	0.146043	12543.667969
1171.282648	0.683082	0.146043	13191.230469
1171.283511	0.091201	0.146043	13269.937500
1171.284562	0.091014	0.146043	13365.593750
1171.285566	0.090901	0.146043	13456.858398
1171.286454	0.090861	0.146043	13537.542969
1171.287372	0.090897	0.146043	13620.986328
1171.288238	0.090981	0.146043	13699.776367
1171.289230	0.090890	0.146043	13789.939453
1171.290149	0.090853	0.146043	13873.433594
1171.291012	0.090930	0.146043	13951.906250
1171.292050	0.091007	0.146043	14046.372070
1172.337956	1.540184	0.129511	788.574402
1172.338957	1.902590	0.129511	2693.067383
1172.339837	1.853401	0.129511	4324.060059
1172.340849	1.788116	0.129511	6133.633789
1172.341888	1.723755	0.129511	7924.615234
1172.342784	1.669955	0.129511	9420.894531
1172.343684	1.617814	0.129511	10876.926758
1172.344788	1.559648	0.129511	12598.778320
1172.345750	0.601439	0.129511	13177.363281
1172.346620	0.090912	0.129511	13256.457031
1172.347667	0.091007	0.129511	13351.741211
1172.348685	0.091003	0.129511	13444.382812
1172.349579	0.090912	0.129511	13525.658203
1172.350526	0.091055	0.129511	13611.886719
1172.351566	0.090941	0.129511	13706.465820
1172.352505	0.090941	0.129511	13791.859375
1172.353364	0.090956	0.129511	13869.990234
1172.354408	0.090985	0.129511	13964.978516
1172.355411	0.090853	0.129511	14056.104492
1173.361410	1.513543	0.160553	746.176453
1173.362347	1.906978	0.160553	2533.014404
1173.363212	1.859224	0.160553	4141.242676
1173.364274	1.791390	0.160553	6043.699219
1173.365292	1.727845	0.160553	7802.645996
1173.366186	1.674606	0.160553	9299.743164
1173.367157	1.620645	0.160553	10873.388672
1173.368204	1.563750	0.160553	12510.634766
1173.369130	0.757573	0.160553	13212.147461
1173.369989	0.091761	0.160553	13290.970703
1173.371064	0.090941	0.160553	13388.732422
1173.372068	0.090916	0.160553	13480.011719
1173.372947	0.090842	0.160553	13559.862305
1173.373943	0.090996	0.160553	13650.494141
1173.374986	0.090952	0.160553	13745.357422
1173.375887	0.090916	0.160553	13827.272461
1173.376741	0.090970	0.160553	13904.960937
1173.377809	0.091014	0.160553	14002.164062
1173.378797	0.090883	0.160553	14091.956055
1174.427039	1.495693	0.128705	788.230408
1174.428082	1.900225	0.128705	2770.164795
1174.429005	1.848409	0.128705	4476.246582
1174.429866	1.790471	0.128705	6017.842285
1174.430951	1.724458	0.128705	7888.878906
1174.431964	1.664246	0.128705	9574.759766
1174.432841	1.614847	0.128705	10990.980469
1174.433812	1.562688	0.128705	12508.350586
1174.434877	0.551199	0.128705	13095.376953
1174.435777	0.090817	0.128705	13177.112305
1174.436645	0.090941	0.128705	13256.048828
1174.437732	0.090927	0.128705	13354.885742
1174.438713	0.090905	0.128705	13444.063477
1174.439606	0.090842	0.128705	13525.185547
1174.440591	0.091091	0.128705	13614.910156
1174.441655	0.090967	0.128705	13711.699219
1174.442540	0.090897	0.128705	13792.143555
1174.443422	0.090981	0.128705	13872.389648
1174.444516	0.090978	0.128705	13971.918945
1175.449789	1.453568	0.158349	613.405762
1175.450887	1.902026	0.158349	2701.830566
1175.451892	1.845908	0.158349	4556.968262
1175.452777	1.788256	0.158349	6139.574219
1175.453778	1.726637	0.158349	7867.937988
1175.454819	1.665048	0.158349	9601.252930
1175.455727	1.613434	0.158349	11066.250977
1175.456592	1.564358	0.158349	12419.420898
1175.457720	0.595778	0.158349	13091.458008
1175.458685	0.090696	0.158349	13178.979492
1175.459541	0.090864	0.158349	13256.759766
1175.460592	0.091091	0.158349	13352.497070
1175.461625	0.090963	0.158349	13446.461914
1175.462510	0.090890	0.158349	13526.899414
1175.463435	0.090989	0.158349	13611.064453
1175.464493	0.090970	0.158349	13707.311523
1175.465434	0.090978	0.158349	13792.921875
1175.466303	0.090996	0.158349	13871.997070
1175.467347	0.091099	0.158349	13967.104492
