time (s)	coil I (A)	last det (V)	int current (uC)
5230.203864	1.479104	0.837599	633.056519
5230.204827	1.887330	0.837599	2450.555664
5230.205888	1.832296	0.837599	4394.622070
5230.206823	1.773190	0.837599	6052.554687
5230.207699	1.719499	0.837599	7558.835937
5230.208764	1.660994	0.837599	9327.793945
5230.209768	1.606545	0.837599	10940.765625
5230.210672	0.736351	0.837599	11606.426758
5230.211649	0.091157	0.837599	11695.487305
5230.212695	0.090608	0.837599	11790.263672
5230.213610	0.090498	0.837599	11873.069336
5230.214521	0.090538	0.837599	11955.549805
5230.215385	0.090560	0.837599	12033.793945
5230.216421	0.090443	0.837599	12127.493164
5230.217300	0.090553	0.837599	12207.088867
5230.218169	0.090553	0.837599	12285.779297
5230.219160	0.090487	0.837599	12375.452148
5230.220083	0.090458	0.837599	12458.944336
5231.241157	1.455568	0.881701	622.982910
5231.242191	1.885060	0.881701	2572.134766
5231.243166	1.833267	0.881701	4359.569824
5231.244088	1.775431	0.881701	5996.517090
5231.244955	1.720247	0.881701	7487.970703
5231.246078	1.660877	0.881701	9353.134766
5231.246967	1.612665	0.881701	10786.793945
5231.247834	0.964512	0.881701	11623.025391
5231.248869	0.091729	0.881701	11717.964844
5231.249849	0.090505	0.881701	11806.660156
5231.250720	0.090417	0.881701	11885.414062
5231.251577	0.090465	0.881701	11962.942383
5231.252700	0.090524	0.881701	12064.600586
5231.253598	0.090494	0.881701	12145.864258
5231.254459	0.090542	0.881701	12223.821289
5231.255558	0.090557	0.881701	12323.342773
5231.256515	0.090505	0.881701	12409.956055
5231.257385	0.090472	0.881701	12488.666992
5232.295445	1.519977	0.843081	781.268066
5232.296407	1.886338	0.843081	2595.925049
5232.297271	1.840052	0.843081	4185.730469
5232.298389	1.769377	0.843081	6163.894531
5232.299428	1.707418	0.843081	7937.902344
5232.300323	1.656658	0.843081	9420.611328
5232.301277	1.606589	0.843081	10953.297852
5232.302356	0.482600	0.843081	11474.023437
5232.303296	0.090439	0.843081	11559.036133
5232.304155	0.090575	0.843081	11636.839844
5232.305216	0.090597	0.843081	11732.962891
5232.306213	0.090498	0.843081	11823.189453
5232.307090	0.090450	0.843081	11902.514648
5232.308067	0.090626	0.843081	11991.056641
5232.309113	0.090667	0.843081	12085.893555
5232.310023	0.090568	0.843081	12168.310547
5232.310880	0.090612	0.843081	12245.964844
5232.311957	0.090670	0.843081	12343.616211
5233.331636	1.433972	0.842279	600.834290
5233.332696	1.886041	0.842279	2600.037842
5233.333577	1.838599	0.842279	4219.843262
5233.334456	1.782817	0.842279	5786.939453
5233.335413	1.725103	0.842279	7437.862305
5233.336391	1.668325	0.842279	9069.484375
5233.337319	1.619689	0.842279	10572.555664
5233.338200	1.161793	0.842279	11596.095703
5233.339252	0.094508	0.842279	11695.518555
5233.340151	0.090568	0.842279	11776.938477
5233.341025	0.090538	0.842279	11856.069336
5233.341934	0.090619	0.842279	11938.442383
5233.342955	0.090538	0.842279	12030.881836
5233.343839	0.090564	0.842279	12110.940430
5233.344695	0.090601	0.842279	12188.494141
5233.345789	0.090590	0.842279	12287.599609
5233.346670	0.090553	0.842279	12367.376953
5233.347547	0.090619	0.842279	12446.849609
5234.386882	1.442014	0.867009	612.856018
5234.387864	1.886235	0.867009	2465.139160
5234.388918	1.832827	0.867009	4396.938965
5234.389830	1.774449	0.867009	6015.236816
5234.390693	1.720514	0.867009	7500.040039
5234.391790	1.660415	0.867009	9321.515625
5234.392794	1.606666	0.867009	10934.608398
5234.393679	0.770277	0.867009	11616.303711
5234.394673	0.091238	0.867009	11706.994141
5234.395718	0.090663	0.867009	11801.736328
5234.396602	0.090531	0.867009	11881.765625
5234.397473	0.090619	0.867009	11960.694336
5234.398564	0.090670	0.867009	12059.615234
5234.399540	0.090535	0.867009	12147.977539
5234.400405	0.090491	0.867009	12226.251953
5234.401452	0.090601	0.867009	12321.110352
5234.402501	0.090604	0.867009	12416.154297
5234.403390	0.090560	0.867009	12496.662109
5235.423677	1.435455	0.864709	610.068481
5235.424722	1.885027	0.864709	2579.921387
5235.425757	1.830000	0.864709	4473.971680
5235.426647	1.773135	0.864709	6052.061523
5235.427583	1.716599	0.864709	7658.798340
5235.428648	1.656149	0.864709	9422.596680
5235.429591	1.606157	0.864709	10937.203125
5235.430458	0.791649	0.864709	11623.562500
5235.431493	0.090747	0.864709	11717.485352
5235.432512	0.090509	0.864709	11809.713867
5235.433402	0.090491	0.864709	11890.250977
5235.434359	0.090560	0.864709	11976.916992
5235.435417	0.090641	0.864709	12072.815430
5235.436342	0.090564	0.864709	12156.586914
5235.437207	0.090564	0.864709	12234.924805
5235.438295	0.090656	0.864709	12333.557617
5235.439297	0.090531	0.864709	12424.269531
5235.440188	0.090553	0.864709	12504.952148
5236.477369	1.430966	0.859069	601.005554
5236.478274	1.887356	0.859069	2309.062744
5236.479274	1.839360	0.859069	4148.422852
5236.480207	1.780778	0.859069	5809.888184
5236.481090	1.727574	0.859069	7335.336426
5236.482088	1.670691	0.859069	9002.685547
5236.483007	1.619963	0.859069	10491.431641
5236.483893	1.225917	0.859069	11577.593750
5236.484906	0.106809	0.859069	11685.791016
5236.485885	0.090461	0.859069	11774.352539
5236.486775	0.090505	0.859069	11854.902344
5236.487632	0.090601	0.859069	11932.546875
5236.488723	0.090688	0.859069	12031.488281
5236.489624	0.090502	0.859069	12113.030273
5236.490489	0.090505	0.859069	12191.317383
5236.491453	0.090677	0.859069	12278.730469
5236.492470	0.090461	0.859069	12370.729492
5236.493362	0.090586	0.859069	12451.532227
5237.516230	1.451964	0.868725	630.152405
5237.517094	1.888480	0.868725	2261.799316
5237.518164	1.837280	0.868725	4227.689453
5237.519162	1.773519	0.868725	5997.661621
5237.520061	1.719818	0.868725	7543.778320
5237.521052	1.663158	0.868725	9191.967773
5237.522106	1.607531	0.868725	10886.304687
5237.523005	0.788364	0.868725	11595.043945
5237.523889	0.091483	0.868725	11675.915039
5237.524986	0.090670	0.868725	11775.379883
5237.525955	0.090476	0.868725	11863.050781
5237.526822	0.090469	0.868725	11941.487305
5237.527841	0.090656	0.868725	12033.865234
5237.528883	0.090608	0.868725	12128.278320
5237.529773	0.090494	0.868725	12208.818359
5237.530686	0.090542	0.868725	12291.483398
5237.531548	0.090571	0.868725	12369.555664
5237.532523	0.090579	0.868725	12457.870117
5238.567954	1.519050	0.878518	759.525146
5238.568962	1.883881	0.878518	2658.476807
5238.569857	1.835010	0.878518	4300.810547
5238.570836	1.773453	0.878518	6037.021484
5238.571904	1.709319	0.878518	7862.574219
5238.572811	1.657251	0.878518	9365.701172
5238.573682	1.609354	0.878518	10767.449219
5238.574778	0.619285	0.878518	11446.185547
5238.575743	0.090271	0.878518	11533.296875
5238.576626	0.090516	0.878518	11613.222656
5238.577639	0.090582	0.878518	11704.982422
5238.578683	0.090472	0.878518	11799.435547
5238.579559	0.090476	0.878518	11878.692383
5238.580427	0.090546	0.878518	11957.286133
5238.581523	0.090630	0.878518	12056.616211
5238.582487	0.090491	0.878518	12143.849609
5238.583349	0.090487	0.878518	12221.849609
5238.584386	0.090670	0.878518	12315.875000
5239.608345	1.528473	0.885580	777.992676
5239.609263	1.886726	0.885580	2510.007324
5239.610126	1.840822	0.885580	4098.636230
5239.611197	1.774329	0.885580	5998.942383
5239.612208	1.713234	0.885580	7731.021484
5239.613089	1.662696	0.885580	9195.857422
5239.614077	1.610475	0.885580	10787.006836
5239.615156	0.642821	0.885580	11480.610352
5239.616043	0.090366	0.885580	11560.765625
5239.616914	0.090461	0.885580	11639.557617
5239.618031	0.090597	0.885580	11740.753906
5239.619009	0.090564	0.885580	11829.325195
5239.619873	0.090487	0.885580	11907.505859
5239.620921	0.090630	0.885580	12002.486328
5239.621956	0.090553	0.885580	12096.208984
5239.622842	0.090491	0.885580	12176.383789
5239.623742	0.090560	0.885580	12257.887695
5239.624822	0.090582	0.885580	12355.716797
5240.658460	1.521848	0.902418	785.273621
5240.659345	1.887748	0.902418	2455.930420
5240.660209	1.844227	0.902418	4049.342773
5240.661264	1.777412	0.902418	5924.512695
5240.662223	1.718452	0.902418	7572.508301
5240.663145	1.666069	0.902418	9108.624023
5240.664010	1.617638	0.902418	10507.880859
5240.665123	0.866283	0.902418	11472.053711
5240.666005	0.091838	0.902418	11553.054687
5240.666861	0.090461	0.902418	11630.489258
5240.667959	0.090667	0.902418	11730.041016
5240.668930	0.090425	0.902418	11817.843750
5240.669803	0.090502	0.902418	11896.851562
5240.670683	0.090505	0.902418	11976.496094
5240.671772	0.090527	0.902418	12075.080078
5240.672665	0.090472	0.902418	12155.872070
5240.673528	0.090520	0.902418	12233.991211
5240.674638	0.090564	0.902418	12334.517578
5241.701387	1.509855	0.878470	759.456909
5241.702317	1.886843	0.878470	2514.221191
5241.703177	1.841455	0.878470	4097.872559
5241.704237	1.775002	0.878470	5979.375000
5241.705245	1.714167	0.878470	7707.255859
5241.706136	1.662858	0.878470	9188.862305
5241.707107	1.611760	0.878470	10753.881836
5241.708166	0.688773	0.878470	11483.292969
5241.709083	0.090553	0.878470	11566.330078
5241.709941	0.090527	0.878470	11644.002930
5241.711016	0.090634	0.878470	11741.433594
5241.712013	0.090542	0.878470	11831.704102
5241.712884	0.090465	0.878470	11910.499023
5241.713867	0.090645	0.878470	11999.602539
5241.714922	0.090538	0.878470	12095.120117
5241.715818	0.090483	0.878470	12176.193359
5241.716685	0.090575	0.878470	12254.721680
5241.717761	0.090623	0.878470	12352.231445
5242.748867	1.444065	0.857140	623.836060
5242.749730	1.889322	0.857140	2254.321289
5242.750779	1.839522	0.857140	4183.979492
5242.751804	1.774449	0.857140	6002.790039
5242.752680	1.720730	0.857140	7510.149414
5242.753645	1.665996	0.857140	9117.835937
5242.754690	1.609420	0.857140	10799.679687
5242.755623	0.821173	0.857140	11565.833984
5242.756489	0.091743	0.857140	11645.283203
5242.757553	0.090593	0.857140	11741.674805
5242.758544	0.090502	0.857140	11831.362305
5242.759433	0.090509	0.857140	11911.825195
5242.760408	0.090645	0.857140	12000.203125
5242.761458	0.090590	0.857140	12095.322266
5242.762372	0.090535	0.857140	12178.071289
5242.763234	0.090579	0.857140	12256.150391
5242.764313	0.090612	0.857140	12353.919922
5242.765287	0.090498	0.857140	12442.065430
5243.793334	1.432218	0.874538	601.531555
5243.794374	1.884767	0.874538	2561.689209
5243.795336	1.834266	0.874538	4326.253418
5243.796216	1.777980	0.874538	5890.875488
5243.797148	1.721378	0.874538	7495.199707
5243.798216	1.660869	0.874538	9269.007812
5243.799117	1.612687	0.874538	10722.039062
5243.799987	1.022076	0.874538	11611.245117
5243.801022	0.092355	0.874538	11706.832031
5243.801988	0.090509	0.874538	11794.263672
5243.802846	0.090560	0.874538	11871.964844
5243.803884	0.090648	0.874538	11966.057617
5243.804916	0.090586	0.874538	12059.541992
5243.805799	0.090472	0.874538	12139.428711
5243.806708	0.090582	0.874538	12221.767578
5243.807756	0.090667	0.874538	12316.786133
5243.808699	0.090546	0.874538	12402.170898
5243.809555	0.090688	0.874538	12479.799805
5244.839357	1.432679	0.854807	610.321411
5244.840224	1.889539	0.854807	2248.551270
5244.841246	1.841426	0.854807	4130.488281
5244.842161	1.781459	0.854807	5760.522949
5244.843096	1.725740	0.854807	7374.089844
5244.843969	1.673632	0.854807	8835.169922
5244.845000	1.619601	0.854807	10504.978516
5244.845890	1.200615	0.854807	11573.526367
5244.846755	0.108003	0.854807	11666.949219
5244.847853	0.090549	0.854807	11766.372070
5244.848760	0.090465	0.854807	11848.423828
5244.849631	0.090553	0.854807	11927.295898
5244.850615	0.090542	0.854807	12016.389648
5244.851622	0.090531	0.854807	12107.554687
5244.852507	0.090527	0.854807	12187.671875
5244.853362	0.090535	0.854807	12265.079102
5244.854410	0.090538	0.854807	12359.962891
5244.855343	0.090491	0.854807	12444.390625
5245.884901	1.505178	0.906088	692.381958
5245.885789	1.888663	0.906088	2369.515137
5245.886773	1.840225	0.906088	4180.296387
5245.887839	1.772351	0.906088	6069.622559
5245.888759	1.716277	0.906088	7648.597168
5245.889626	1.664370	0.906088	9091.605469
5245.890712	1.608809	0.906088	10838.771484
5245.891679	0.719586	0.906088	11534.611328
5245.892600	0.090681	0.906088	11618.128906
5245.893476	0.090524	0.906088	11697.427734
5245.894491	0.090571	0.906088	11789.357422
5245.895387	0.090597	0.906088	11870.532227
5245.896286	0.090557	0.906088	11951.942383
5245.897162	0.090553	0.906088	12031.266602
5245.898192	0.090575	0.906088	12124.558594
5245.899086	0.090520	0.906088	12205.483398
5245.899959	0.090553	0.906088	12284.536133
5245.900919	0.090699	0.906088	12371.607422
5246.930965	1.519618	0.896343	768.926636
5246.931881	1.886953	0.896343	2497.375488
5246.932753	1.840027	0.896343	4101.878906
5246.933845	1.772157	0.896343	6037.074219
5246.934842	1.712285	0.896343	7744.222656
5246.935734	1.661565	0.896343	9226.338867
5246.936726	1.609460	0.896343	10822.923828
5246.937788	0.617673	0.896343	11478.892578
5246.938684	0.090311	0.896343	11559.811523
5246.939544	0.090641	0.896343	11637.762695
5246.940629	0.090659	0.896343	11736.127930
5246.941583	0.090461	0.896343	11822.427734
5246.942451	0.090505	0.896343	11900.986328
5246.943459	0.090652	0.896343	11992.363281
5246.944508	0.090527	0.896343	12087.326172
5246.945383	0.090527	0.896343	12166.538086
5246.946247	0.090656	0.896343	12244.864258
5246.947342	0.090601	0.896343	12344.072266
5247.975863	1.435712	0.894144	602.998901
5247.976919	1.884206	0.894144	2592.720703
5247.977941	1.828901	0.894144	4461.857910
5247.978832	1.772421	0.894144	6041.084961
5247.979798	1.715054	0.894144	7697.827148
5247.980860	1.654790	0.894144	9455.213867
5247.981782	1.605505	0.894144	10935.490234
5247.982658	0.769124	0.894144	11609.242187
5247.983745	0.090450	0.894144	11707.561523
5247.984728	0.090513	0.894144	11796.535156
5247.985616	0.090469	0.894144	11876.871094
5247.986588	0.090546	0.894144	11964.881836
5247.987638	0.090483	0.894144	12059.889648
5247.988547	0.090447	0.894144	12142.105469
5247.989413	0.090582	0.894144	12220.549805
5247.990515	0.090586	0.894144	12320.375977
5247.991467	0.090487	0.894144	12406.519531
5247.992338	0.090359	0.894144	12485.221680
5249.022902	1.434470	0.884839	602.477478
5249.023972	1.884349	0.884839	2618.731201
5249.024909	1.833984	0.884839	4337.174805
5249.025779	1.778437	0.884839	5884.415527
5249.026730	1.721100	0.884839	7521.181641
5249.027772	1.661257	0.884839	9252.211914
5249.028668	1.613650	0.884839	10698.041992
5249.029541	1.035930	0.884839	11602.409180
5249.030606	0.091739	0.884839	11700.111328
5249.031551	0.090494	0.884839	11785.628906
5249.032425	0.090505	0.884839	11864.730469
5249.033350	0.090568	0.884839	11948.505859
5249.034405	0.090469	0.884839	12043.950195
5249.035292	0.090483	0.884839	12124.208984
5249.036221	0.090601	0.884839	12208.376953
5249.037284	0.090509	0.884839	12304.587891
5249.038220	0.090454	0.884839	12389.252930
5249.039078	0.090509	0.884839	12466.910156
5250.065845	1.440450	0.872085	604.989197
5250.066940	1.883141	0.872085	2667.028564
5250.067933	1.828458	0.872085	4482.687500
5250.068817	1.772344	0.872085	6049.439453
5250.069687	1.719976	0.872085	7545.818359
5250.070690	1.663099	0.872085	9213.907227
5250.071608	1.612793	0.872085	10694.451172
5250.072541	0.949017	0.872085	11579.884766
5250.073404	0.093655	0.872085	11660.708984
5250.074446	0.090549	0.872085	11755.061523
5250.075333	0.090513	0.872085	11835.346680
5250.076205	0.090531	0.872085	11914.290039
5250.077173	0.090608	0.872085	12001.998047
5250.078142	0.090520	0.872085	12089.711914
5250.079059	0.090527	0.872085	12172.725586
5250.079921	0.090509	0.872085	12250.744141
5250.080959	0.090542	0.872085	12344.726562
5250.081835	0.090535	0.872085	12424.035156
5251.116050	1.482751	0.907953	753.237732
5251.117098	1.881273	0.907953	2724.812012
5251.118044	1.828747	0.907953	4454.807129
5251.118909	1.772842	0.907953	5988.315430
5251.119978	1.709711	0.907953	7815.996094
5251.120990	1.652706	0.907953	9488.535156
5251.121877	1.605828	0.907953	10912.904297
5251.122863	0.674293	0.907953	11577.757812
5251.123906	0.090392	0.907953	11672.036133
5251.124811	0.090491	0.907953	11753.930664
5251.125668	0.090491	0.907953	11831.481445
5251.126707	0.090608	0.907953	11925.623047
5251.127707	0.090531	0.907953	12016.154297
5251.128588	0.090480	0.907953	12095.867187
5251.129564	0.090546	0.907953	12184.240234
5251.130617	0.090564	0.907953	12279.604492
5251.131522	0.090513	0.907953	12361.518555
5251.132385	0.090571	0.907953	12439.681641
5252.155324	1.435272	0.861446	607.120117
5252.156324	1.885334	0.861446	2492.454590
5252.157380	1.830516	0.861446	4425.479980
5252.158271	1.773325	0.861446	6005.512695
5252.159191	1.717811	0.861446	7585.898926
5252.160268	1.656742	0.861446	9370.209961
5252.161218	1.606025	0.861446	10895.933594
5252.162088	0.824257	0.861446	11613.037109
5252.163137	0.090674	0.861446	11708.154297
5252.164146	0.090461	0.861446	11799.429687
5252.165038	0.090476	0.861446	11880.134766
5252.165993	0.090549	0.861446	11966.609375
5252.167050	0.090516	0.861446	12062.285156
5252.167980	0.090439	0.861446	12146.393555
5252.168839	0.090535	0.861446	12224.163086
5252.169895	0.090601	0.861446	12319.836914
5252.170904	0.090516	0.861446	12411.167969
5252.171784	0.090487	0.861446	12490.796875
5253.208506	1.435507	0.896327	604.348267
5253.209540	1.884730	0.896327	2553.159424
5253.210580	1.830678	0.896327	4457.063965
5253.211453	1.773505	0.896327	6005.333496
5253.212347	1.717972	0.896327	7541.200684
5253.213431	1.657906	0.896327	9338.371094
5253.214390	1.607161	0.896327	10879.638672
5253.215268	0.834540	0.896327	11612.364258
5253.216311	0.090831	0.896327	11707.101562
5253.217335	0.090487	0.896327	11799.760742
5253.218219	0.090505	0.896327	11879.767578
5253.219159	0.090531	0.896327	11964.867187
5253.220226	0.090586	0.896327	12061.522461
5253.221166	0.090483	0.896327	12146.577148
5253.222029	0.090458	0.896327	12224.642578
5253.223087	0.090579	0.896327	12320.474609
5253.224086	0.090502	0.896327	12410.885742
5253.224975	0.090524	0.896327	12491.361328
5254.244793	1.435005	0.883598	602.702087
5254.245759	1.885986	0.883598	2424.564941
5254.246826	1.831838	0.883598	4379.136719
5254.247766	1.772153	0.883598	6044.960937
5254.248637	1.718672	0.883598	7541.924316
5254.249705	1.659357	0.883598	9314.117187
5254.250703	1.605685	0.883598	10916.590820
5254.251586	0.784552	0.883598	11609.350586
5254.252510	0.091040	0.883598	11693.471680
5254.253368	0.090447	0.883598	11771.075195
5254.254334	0.090454	0.883598	11858.454102
5254.255256	0.090425	0.883598	11941.826172
5254.256136	0.090546	0.883598	12021.505859
5254.257162	0.090538	0.883598	12114.398437
5254.258059	0.090421	0.883598	12195.505859
5254.258932	0.090509	0.883598	12274.520508
5254.259842	0.090586	0.883598	12356.954102
5254.260848	0.090502	0.883598	12447.999023
5255.301565	1.436803	0.852443	610.641296
5255.302563	1.884953	0.852443	2491.824951
5255.303610	1.831498	0.852443	4409.402832
5255.304507	1.773929	0.852443	6000.617676
5255.305369	1.719305	0.852443	7482.659180
5255.306469	1.659584	0.852443	9308.201172
5255.307452	1.607450	0.852443	10888.324219
5255.308316	0.843669	0.852443	11617.254883
5255.309379	0.090861	0.852443	11713.839844
5255.310439	0.090593	0.852443	11809.869141
5255.311312	0.090505	0.852443	11888.879883
5255.312242	0.090575	0.852443	11973.114258
5255.313309	0.090659	0.852443	12069.847656
5255.314243	0.090546	0.852443	12154.416992
5255.315110	0.090513	0.852443	12232.891602
5255.316153	0.090670	0.852443	12327.460937
5255.317172	0.090568	0.852443	12419.749023
5255.318064	0.090637	0.852443	12500.597656
5256.334773	1.431376	0.845063	601.177795
5256.335769	1.885009	0.845063	2478.646240
5256.336823	1.831340	0.845063	4408.878906
5256.337732	1.772131	0.845063	6019.746094
5256.338654	1.717515	0.845063	7603.294434
5256.339524	1.665696	0.845063	9052.449219
5256.340565	1.612247	0.845063	10730.798828
5256.341452	0.973854	0.845063	11594.607422
5256.342322	0.094303	0.845063	11676.651367
5256.343325	0.090439	0.845063	11767.362305
5256.344247	0.090520	0.845063	11850.821289
5256.345157	0.090524	0.845063	11933.198242
5256.346029	0.090560	0.845063	12012.166992
5256.347051	0.090502	0.845063	12104.660156
5256.347945	0.090524	0.845063	12185.587891
5256.348821	0.090516	0.845063	12264.879883
5256.349781	0.090520	0.845063	12351.779297
5256.350760	0.090465	0.845063	12440.344727
5257.394145	1.470223	0.901891	664.540955
5257.395009	1.888495	0.901891	2296.200684
5257.396066	1.835940	0.901891	4236.789062
5257.397081	1.771487	0.901891	6034.848145
5257.397977	1.718002	0.901891	7574.177734
5257.398967	1.662272	0.901891	9219.826172
5257.400037	1.604663	0.901891	10936.815430
5257.400954	0.688949	0.901891	11568.582031
5257.401816	0.090754	0.901891	11646.812500
5257.402926	0.090619	0.901891	11747.399414
5257.403891	0.090447	0.901891	11834.680664
5257.404792	0.090414	0.901891	11916.143555
5257.405681	0.090461	0.901891	11996.563477
5257.406691	0.090516	0.901891	12087.985352
5257.407612	0.090465	0.901891	12171.303711
5257.408529	0.090439	0.901891	12254.236328
5257.409387	0.090549	0.901891	12331.927734
5257.410412	0.090450	0.901891	12424.639648
5258.425879	1.525052	0.875718	768.626404
5258.426905	1.882416	0.875718	2699.984863
5258.427800	1.832824	0.875718	4340.361816
5258.428786	1.771337	0.875718	6086.899902
5258.429844	1.707491	0.875718	7893.425781
5258.430760	1.655533	0.875718	9409.894531
5258.431629	1.607600	0.875718	10806.899414
5258.432718	0.589706	0.875718	11449.088867
5258.433711	0.090403	0.875718	11538.858398
5258.434601	0.090439	0.875718	11619.349609
5258.435578	0.090531	0.875718	11707.798828
5258.436632	0.090520	0.875718	11803.207031
5258.437537	0.090450	0.875718	11885.064453
5258.438398	0.090535	0.875718	11963.014648
5258.439487	0.090516	0.875718	12061.586914
5258.440458	0.090421	0.875718	12149.385742
5258.441315	0.090516	0.875718	12226.958008
5258.442386	0.090549	0.875718	12323.936523
5259.486237	1.526510	0.898881	776.993591
5259.487168	1.886286	0.898881	2533.126221
5259.488031	1.840477	0.898881	4121.458008
5259.489076	1.774922	0.898881	5976.251465
5259.490112	1.712985	0.898881	7750.903320
5259.490993	1.662286	0.898881	9215.377930
5259.491948	1.610947	0.898881	10753.832031
5259.493009	0.684269	0.898881	11479.840820
5259.493931	0.090425	0.898881	11563.212891
5259.494795	0.090454	0.898881	11641.365234
5259.495831	0.090604	0.898881	11735.231445
5259.496827	0.090417	0.898881	11825.287109
5259.497715	0.090432	0.898881	11905.590820
5259.498671	0.090615	0.898881	11992.218750
5259.499711	0.090553	0.898881	12086.393555
5259.500632	0.090476	0.898881	12169.721680
5259.501494	0.090447	0.898881	12247.686523
5259.502577	0.090597	0.898881	12345.802734
5260.517319	1.468063	0.916268	641.543396
5260.518238	1.888539	0.916268	2377.110596
5260.519107	1.844198	0.916268	3979.718750
5260.520159	1.779415	0.916268	5851.663574
5260.521045	1.725568	0.916268	7380.516602
5260.521920	1.675126	0.916268	8846.251953
5260.522925	1.622395	0.916268	10476.758789
5260.523846	1.169410	0.916268	11553.786133
5260.524773	0.101979	0.916268	11648.320312
5260.525630	0.090502	0.916268	11725.879883
5260.526647	0.090527	0.916268	11817.946289
5260.527548	0.090524	0.916268	11899.507812
5260.528422	0.090465	0.916268	11978.574219
5260.529370	0.090513	0.916268	12064.379883
5260.530337	0.090472	0.916268	12151.867187
5260.531212	0.090487	0.916268	12231.042969
5260.532108	0.090571	0.916268	12312.195312
5260.533170	0.090535	0.916268	12408.342773
5261.577158	1.457142	0.900908	633.856873
5261.578033	1.889370	0.900908	2287.055664
5261.578893	1.848058	0.900908	3876.385254
5261.579944	1.783630	0.900908	5750.980469
5261.580821	1.729735	0.900908	7267.958008
5261.581693	1.679150	0.900908	8732.177734
5261.582660	1.627119	0.900908	10305.601562
5261.583611	1.298903	0.900908	11540.857422
5261.584530	0.116536	0.900908	11647.954102
5261.585408	0.090476	0.900908	11727.392578
5261.586449	0.090502	0.900908	11821.604492
5261.587348	0.090520	0.900908	11902.982422
5261.588212	0.090590	0.900908	11981.251953
5261.589245	0.090538	0.900908	12074.778320
5261.590210	0.090487	0.900908	12162.098633
5261.591080	0.090458	0.900908	12240.796875
5261.591964	0.090619	0.900908	12320.904297
5261.593054	0.090494	0.900908	12419.542969
5262.608921	1.525133	0.876947	770.192261
5262.609917	1.884078	0.876947	2646.734375
5262.610810	1.835369	0.876947	4285.718750
5262.611813	1.772747	0.876947	6063.783691
5262.612864	1.709304	0.876947	7860.262695
5262.613767	1.657624	0.876947	9357.097656
5262.614632	1.608680	0.876947	10748.606445
5262.615739	0.624653	0.876947	11440.097656
5262.616706	0.090286	0.876947	11527.404297
5262.617567	0.090498	0.876947	11605.323242
5262.618661	0.090560	0.876947	11704.396484
5262.619706	0.090549	0.876947	11799.020508
5262.620587	0.090450	0.876947	11878.707031
5262.621511	0.090560	0.876947	11962.384766
5262.622586	0.090505	0.876947	12059.677734
5262.623513	0.090432	0.876947	12143.508789
5262.624376	0.090524	0.876947	12221.630859
5262.625392	0.090542	0.876947	12313.621094
5263.668250	1.491035	0.918713	776.829285
5263.669308	1.880907	0.918713	2766.828857
5263.670224	1.828912	0.918713	4442.112305
5263.671097	1.771941	0.918713	5989.016602
5263.672181	1.708477	0.918713	7841.004883
5263.673174	1.652161	0.918713	9481.600586
5263.674068	1.604282	0.918713	10915.829102
5263.675067	0.615275	0.918713	11530.488281
5263.676128	0.090385	0.918713	11626.386719
5263.677029	0.090549	0.918713	11707.971680
5263.677892	0.090582	0.918713	11786.144531
5263.678979	0.090645	0.918713	11884.674805
5263.679952	0.090524	0.918713	11972.753906
5263.680812	0.090516	0.918713	12050.597656
5263.681891	0.090656	0.918713	12148.415039
5263.682918	0.090531	0.918713	12241.390625
5263.683801	0.090564	0.918713	12321.358398
5263.684718	0.090619	0.918713	12404.456055
5264.700351	1.434269	0.864854	609.564270
5264.701275	1.886821	0.864854	2352.987061
5264.702336	1.835046	0.864854	4299.971191
5264.703283	1.774849	0.864854	5980.752930
5264.704146	1.722041	0.864854	7466.874023
5264.705184	1.663048	0.864854	9193.118164
5264.706213	1.607494	0.864854	10847.229492
5264.707101	0.844548	0.864854	11597.188477
5264.708058	0.092153	0.864854	11685.378906
5264.709116	0.090612	0.864854	11781.246094
5264.710041	0.090491	0.864854	11864.950195
5264.710910	0.090520	0.864854	11943.612305
5264.711962	0.090524	0.864854	12038.842773
5264.712964	0.090491	0.864854	12129.514648
5264.713854	0.090472	0.864854	12210.035156
5264.714832	0.090564	0.864854	12298.606445
5264.715890	0.090582	0.864854	12394.442383
5264.716809	0.090520	0.864854	12477.629883
5265.758724	1.505797	0.867186	743.863770
5265.759688	1.885635	0.867186	2561.615723
5265.760570	1.838745	0.867186	4183.389160
5265.761588	1.774702	0.867186	5990.036133
5265.762641	1.712307	0.867186	7793.095703
5265.763541	1.659770	0.867186	9286.888672
5265.764446	1.610262	0.867186	10744.175781
5265.765532	0.662446	0.867186	11463.592773
5265.766472	0.090322	0.867186	11548.496094
5265.767330	0.090564	0.867186	11626.200195
5265.768379	0.090615	0.867186	11721.255859
5265.769401	0.090538	0.867186	11813.786133
5265.770282	0.090443	0.867186	11893.466797
5265.771227	0.090575	0.867186	11979.060547
5265.772280	0.090608	0.867186	12074.470703
5265.773218	0.090564	0.867186	12159.419922
5265.774076	0.090538	0.867186	12237.101562
5265.775101	0.090601	0.867186	12329.966797
5266.792465	1.518867	0.897342	770.065674
5266.793356	1.887568	0.897342	2451.889160
5266.794227	1.843546	0.897342	4057.617676
5266.795245	1.779510	0.897342	5869.159180
5266.796218	1.719195	0.897342	7541.936523
5266.797141	1.667054	0.897342	9080.627930
5266.798005	1.618663	0.897342	10479.153320
5266.799111	0.886179	0.897342	11459.267578
5266.800004	0.092076	0.897342	11541.492187
5266.800874	0.090502	0.897342	11620.228516
5266.801874	0.090590	0.897342	11710.818359
5266.802856	0.090520	0.897342	11799.708984
5266.803736	0.090491	0.897342	11879.340820
5266.804714	0.090553	0.897342	11967.901367
5266.805749	0.090623	0.897342	12061.695312
5266.806652	0.090531	0.897342	12143.444336
5266.807513	0.090560	0.897342	12221.416992
5266.808597	0.090623	0.897342	12319.651367
5267.850687	1.442552	0.908795	618.854980
5267.851666	1.885294	0.908795	2464.558105
5267.852682	1.833311	0.908795	4327.201660
5267.853578	1.776650	0.908795	5919.080566
5267.854447	1.722561	0.908795	7415.986328
5267.855522	1.662920	0.908795	9203.625000
5267.856460	1.611778	0.908795	10715.473633
5267.857349	0.993039	0.908795	11598.286133
5267.858321	0.094830	0.908795	11690.460937
5267.859338	0.090472	0.908795	11782.471680
5267.860227	0.090505	0.908795	11862.930664
5267.861207	0.090637	0.908795	11951.754883
5267.862259	0.090542	0.908795	12047.004883
5267.863173	0.090491	0.908795	12129.713867
5267.864034	0.090516	0.908795	12207.648437
5267.865128	0.090659	0.908795	12306.829102
5267.866124	0.090461	0.908795	12396.928711
5267.867000	0.090524	0.908795	12476.227539
5268.883389	1.443669	0.869253	613.559509
5268.884351	1.885884	0.869253	2427.779785
5268.885409	1.832417	0.869253	4366.476562
5268.886332	1.773614	0.869253	6003.522461
5268.887208	1.719954	0.869253	7510.201660
5268.888274	1.660203	0.869253	9279.977539
5268.889278	1.604604	0.869253	10891.000000
5268.890182	0.772874	0.869253	11589.677734
5268.891152	0.091417	0.869253	11678.352539
5268.892198	0.090568	0.869253	11773.085937
5268.893112	0.090469	0.869253	11855.774414
5268.894017	0.090454	0.869253	11937.635742
5268.894879	0.090509	0.869253	12015.654297
5268.895928	0.090425	0.869253	12110.509766
5268.896803	0.090505	0.869253	12189.702148
5268.897669	0.090494	0.869253	12268.070312
5268.898651	0.090604	0.869253	12357.043945
5268.899572	0.090546	0.869253	12440.436523
5269.941797	1.544868	0.921746	801.786621
5269.942744	1.885507	0.921746	2587.361328
5269.943605	1.839126	0.921746	4170.848633
5269.944663	1.772853	0.921746	6046.526855
5269.945690	1.711337	0.921746	7804.069824
5269.946580	1.660540	0.921746	9281.950195
5269.947543	1.608369	0.921746	10830.809570
5269.948588	0.640558	0.921746	11500.192383
5269.949509	0.090341	0.921746	11583.396484
5269.950365	0.090483	0.921746	11660.850586
5269.951411	0.090619	0.921746	11755.637695
5269.952418	0.090498	0.921746	11846.769531
5269.953299	0.090513	0.921746	11926.510742
5269.954209	0.090568	0.921746	12008.927734
5269.955081	0.090557	0.921746	12087.893555
5269.956081	0.090527	0.921746	12178.420898
5269.956983	0.090509	0.921746	12260.059570
5269.957868	0.090505	0.921746	12340.157227
5270.975503	1.521731	0.905141	762.387268
5270.976384	1.887814	0.905141	2425.551025
5270.977311	1.840898	0.905141	4132.063965
5270.978364	1.773867	0.905141	5999.946289
5270.979316	1.716724	0.905141	7634.267090
5270.980183	1.667311	0.905141	9079.825195
5270.981239	1.610823	0.905141	10780.854492
5270.982271	0.699119	0.905141	11502.344727
5270.983146	0.090608	0.905141	11581.626953
5270.984098	0.090549	0.905141	11667.830078
5270.985154	0.090505	0.905141	11763.403320
5270.986085	0.090498	0.905141	11847.657227
5270.986957	0.090513	0.905141	11926.583984
5270.987997	0.090560	0.905141	12020.766602
5270.989006	0.090465	0.905141	12112.045898
5270.989895	0.090487	0.905141	12192.489258
5270.990846	0.090619	0.905141	12278.667969
5270.991902	0.090601	0.905141	12374.341797
5272.032707	1.446347	0.880395	623.375366
5272.033572	1.888678	0.880395	2257.082031
5272.034659	1.835859	0.880395	4252.661133
5272.035661	1.772128	0.880395	6028.333008
5272.036556	1.718686	0.880395	7566.557617
5272.037545	1.662883	0.880395	9211.149414
5272.038611	1.605374	0.880395	10922.477539
5272.039520	0.725460	0.880395	11581.920898
5272.040382	0.091000	0.880395	11660.362305
5272.041481	0.090612	0.880395	11759.944336
5272.042439	0.090480	0.880395	11846.624023
5272.043298	0.090487	0.880395	11924.352539
5272.044363	0.090652	0.880395	12020.896484
5272.045400	0.090634	0.880395	12114.883789
5272.046285	0.090524	0.880395	12194.997070
5272.047203	0.090579	0.880395	12278.148437
5272.048268	0.090608	0.880395	12374.645508
5272.049212	0.090491	0.880395	12460.068359
5273.065941	1.466169	0.922834	653.911560
5273.066811	1.889121	0.922834	2297.446777
5273.067785	1.842338	0.922834	4091.883789
5273.068804	1.776874	0.922834	5902.518066
5273.069694	1.723132	0.922834	7436.105957
5273.070668	1.667882	0.922834	9060.623047
5273.071735	1.609845	0.922834	10778.328125
5273.072657	0.862716	0.922834	11573.751953
5273.073523	0.092131	0.922834	11653.538086
5273.074626	0.090502	0.922834	11753.361328
5273.075614	0.090494	0.922834	11842.769531
5273.076509	0.090524	0.922834	11923.788086
5273.077497	0.090612	0.922834	12013.312500
5273.078543	0.090564	0.922834	12108.041992
5273.079441	0.090586	0.922834	12189.387695
5273.080315	0.090546	0.922834	12268.524414
5273.081393	0.090656	0.922834	12366.250977
5273.082364	0.090502	0.922834	12454.127930
5274.124806	1.505427	0.914777	749.702759
5274.125734	1.886726	0.914777	2500.584473
5274.126603	1.841030	0.914777	4100.439941
5274.127656	1.774614	0.914777	5969.108887
5274.128683	1.712878	0.914777	7728.234863
5274.129578	1.662008	0.914777	9215.732422
5274.130550	1.610632	0.914777	10781.266602
5274.131615	0.654489	0.914777	11478.296875
5274.132536	0.090355	0.914777	11561.513672
5274.133400	0.090557	0.914777	11639.754883
5274.134486	0.090641	0.914777	11738.190430
5274.135478	0.090439	0.914777	11827.906250
5274.136362	0.090498	0.914777	11907.906250
5274.137345	0.090641	0.914777	11997.005859
5274.138372	0.090538	0.914777	12089.988281
5274.139275	0.090520	0.914777	12171.727539
5274.140135	0.090615	0.914777	12249.656250
5274.141219	0.090634	0.914777	12347.903320
5275.156940	1.461566	0.873285	625.550293
5275.157888	1.886737	0.873285	2414.177246
5275.158862	1.838778	0.873285	4205.146973
5275.159746	1.781884	0.873285	5780.332031
5275.160629	1.726267	0.873285	7304.625977
5275.161732	1.666582	0.873285	9142.866211
5275.162611	1.618077	0.873285	10565.156250
5275.163475	1.182499	0.873285	11586.834961
5275.164523	0.096383	0.873285	11687.844727
5275.165484	0.090396	0.873285	11774.714844
5275.166359	0.090505	0.873285	11853.907227
5275.167237	0.090575	0.873285	11933.431641
5275.168359	0.090509	0.873285	12034.982422
5275.169254	0.090480	0.873285	12115.961914
5275.170116	0.090520	0.873285	12193.990234
5275.171162	0.090623	0.873285	12288.781250
5275.172140	0.090487	0.873285	12377.277344
5275.173013	0.090509	0.873285	12456.291992
5276.216248	1.431464	0.929017	599.783264
5276.217145	1.886840	0.929017	2292.278320
5276.218264	1.833662	0.929017	4344.146484
5276.219160	1.776002	0.929017	5935.444336
5276.220032	1.723052	0.929017	7437.945312
5276.221086	1.662777	0.929017	9190.512695
5276.222043	1.611866	0.929017	10733.068359
5276.222930	0.974528	0.929017	11597.474609
5276.223815	0.094490	0.929017	11681.097656
5276.224918	0.090450	0.929017	11780.864258
5276.225798	0.090469	0.929017	11860.476562
5276.226658	0.090443	0.929017	11938.257812
5276.227723	0.090560	0.929017	12034.704102
5276.228680	0.090447	0.929017	12121.261719
5276.229534	0.090564	0.929017	12198.603516
5276.230627	0.090520	0.929017	12297.541992
5276.231651	0.090491	0.929017	12390.204102
5276.232520	0.090472	0.929017	12468.824219
5277.248475	1.481235	0.886120	672.480835
5277.249346	1.889044	0.886120	2317.838379
5277.250345	1.840964	0.886120	4156.961914
5277.251405	1.773875	0.886120	6037.269043
5277.252296	1.719045	0.886120	7568.938477
5277.253161	1.667058	0.886120	9010.943359
5277.254254	1.609856	0.886120	10770.515625
5277.255245	0.771526	0.886120	11535.097656
5277.256111	0.091062	0.886120	11613.957031
5277.257158	0.090524	0.886120	11708.735352
5277.258199	0.090480	0.886120	11802.924805
5277.259084	0.090425	0.886120	11882.951172
5277.259987	0.090450	0.886120	11964.627930
5277.260864	0.090498	0.886120	12043.995117
5277.261847	0.090421	0.886120	12132.878906
5277.262767	0.090465	0.886120	12216.106445
5277.263640	0.090516	0.886120	12295.126953
5277.264637	0.090546	0.886120	12385.401367
5278.308332	1.499996	0.941779	692.998291
5278.309207	1.888627	0.941779	2345.546631
5278.310201	1.839196	0.941779	4173.707031
5278.311274	1.771681	0.941779	6074.720703
5278.312179	1.716570	0.941779	7628.216309
5278.313046	1.665092	0.941779	9071.850586
5278.314145	1.607128	0.941779	10838.083984
5278.315113	0.702125	0.941779	11517.741211
5278.316048	0.090417	0.941779	11602.281250
5278.316925	0.090458	0.941779	11681.612305
5278.317921	0.090502	0.941779	11771.751953
5278.318834	0.090447	0.941779	11854.330078
5278.319752	0.090469	0.941779	11937.380859
5278.320613	0.090414	0.941779	12015.227539
5278.321659	0.090491	0.941779	12109.880859
5278.322538	0.090469	0.941779	12189.403320
5278.323405	0.090472	0.941779	12267.842773
5278.324370	0.090549	0.941779	12355.222656
5279.339450	1.439586	0.913661	607.505432
5279.340526	1.883573	0.913661	2634.229980
5279.341527	1.828667	0.913661	4464.725586
5279.342416	1.772637	0.913661	6040.599609
5279.343409	1.713845	0.913661	7742.447754
5279.344456	1.654321	0.913661	9474.522461
5279.345362	1.604407	0.913661	10928.115234
5279.346230	0.784999	0.913661	11609.494141
5279.347293	0.090582	0.913661	11705.783203
5279.348283	0.090443	0.913661	11795.322266
5279.349154	0.090450	0.913661	11874.104492
5279.350146	0.090472	0.913661	11963.853516
5279.351184	0.090465	0.913661	12057.755859
5279.352077	0.090410	0.913661	12138.492187
5279.352943	0.090502	0.913661	12216.866211
5279.354049	0.090516	0.913661	12316.977539
5279.355005	0.090388	0.913661	12403.388672
5279.355882	0.090472	0.913661	12482.733398
5280.399289	1.437583	0.904610	606.660034
5280.400351	1.884075	0.904610	2607.547363
5280.401381	1.828063	0.904610	4490.452148
5280.402268	1.771666	0.904610	6061.919922
5280.403239	1.714274	0.904610	7726.479492
5280.404296	1.654449	0.904610	9475.232422
5280.405212	1.603821	0.904610	10944.332031
5280.406080	0.771475	0.904610	11613.971680
5280.407133	0.090630	0.904610	11709.405273
5280.408132	0.090494	0.904610	11799.809570
5280.409023	0.090425	0.904610	11880.377930
5280.409998	0.090623	0.904610	11968.735352
5280.411055	0.090590	0.904610	12064.488281
5280.411959	0.090505	0.904610	12146.304687
5280.412821	0.090542	0.904610	12224.351562
5280.413917	0.090601	0.904610	12323.649414
5280.414881	0.090531	0.904610	12410.920898
5280.415762	0.090472	0.904610	12490.626953
5281.430552	1.524620	0.896525	783.654907
5281.431513	1.885316	0.896525	2595.443848
5281.432379	1.838723	0.896525	4187.778320
5281.433467	1.769813	0.896525	6113.334961
5281.434504	1.708081	0.896525	7884.615234
5281.435400	1.657291	0.896525	9369.547852
5281.436348	1.606326	0.896525	10892.344727
5281.437397	0.576801	0.896525	11497.408203
5281.438327	0.090286	0.896525	11581.374023
5281.439187	0.090546	0.896525	11659.243164
5281.440251	0.090634	0.896525	11755.677734
5281.441265	0.090458	0.896525	11847.402344
5281.442149	0.090597	0.896525	11927.490234
5281.443129	0.090619	0.896525	12016.296875
5281.444177	0.090527	0.896525	12111.169922
5281.445098	0.090516	0.896525	12194.535156
5281.445957	0.090516	0.896525	12272.289062
5281.447024	0.090703	0.896525	12369.069336
5282.490399	1.533175	0.938319	783.452454
5282.491351	1.885151	0.938319	2578.116455
5282.492237	1.837932	0.938319	4206.524414
5282.493261	1.773648	0.938319	6022.739258
5282.494305	1.711428	0.938319	7809.470215
5282.495193	1.659862	0.938319	9283.427734
5282.496081	1.610713	0.938319	10713.740234
5282.497182	0.671572	0.938319	11453.141602
5282.498133	0.090300	0.938319	11539.017578
5282.498991	0.090527	0.938319	11616.690430
5282.500054	0.090553	0.938319	11712.948242
5282.501082	0.090439	0.938319	11805.919922
5282.501955	0.090450	0.938319	11884.882812
5282.502890	0.090557	0.938319	11969.553711
5282.503949	0.090593	0.938319	12065.492187
5282.504892	0.090487	0.938319	12150.821289
5282.505757	0.090560	0.938319	12229.156250
5282.506798	0.090645	0.938319	12323.517578
5283.523006	1.439355	0.908300	610.286743
5283.524036	1.884877	0.908300	2551.709473
5283.524952	1.836075	0.908300	4233.554687
5283.525883	1.778167	0.908300	5889.027832
5283.526748	1.723315	0.908300	7379.695312
5283.527799	1.665406	0.908300	9130.037109
5283.528673	1.617609	0.908300	10543.827148
5283.529549	1.186146	0.908300	11582.890625
5283.530529	0.105242	0.908300	11686.027344
5283.531462	0.090377	0.908300	11770.349609
5283.532374	0.090502	0.908300	11852.886719
5283.533261	0.090487	0.908300	11933.148437
5283.534290	0.090498	0.908300	12026.270508
5283.535182	0.090450	0.908300	12106.952148
5283.536044	0.090498	0.908300	12184.961914
5283.537091	0.090546	0.908300	12279.763672
5283.538045	0.090439	0.908300	12366.042969
5283.538917	0.090498	0.908300	12444.957031
5284.580365	1.509657	0.892343	760.867126
5284.581296	1.886576	0.892343	2517.269287
5284.582160	1.841089	0.892343	4107.970215
5284.583221	1.774362	0.892343	5990.567871
5284.584247	1.712553	0.892343	7747.646484
5284.585145	1.661221	0.892343	9239.422852
5284.586109	1.610314	0.892343	10791.765625
5284.587165	0.655814	0.892343	11484.305664
5284.588094	0.090388	0.892343	11568.276367
5284.588956	0.090582	0.892343	11646.358398
5284.590022	0.090659	0.892343	11743.000977
5284.591037	0.090472	0.892343	11834.830078
5284.591908	0.090527	0.892343	11913.679687
5284.592775	0.090494	0.892343	11992.138672
5284.593783	0.090557	0.892343	12083.419922
5284.594712	0.090476	0.892343	12167.472656
5284.595613	0.090480	0.892343	12248.995117
5284.596486	0.090480	0.892343	12327.984375
5285.615036	1.436188	0.867489	604.635010
5285.616011	1.885650	0.867489	2443.143311
5285.617060	1.831952	0.867489	4364.860840
5285.617994	1.773278	0.867489	6021.102051
5285.618864	1.719126	0.867489	7516.741699
5285.619962	1.658009	0.867489	9337.235352
5285.620960	1.603894	0.867489	10937.921875
5285.621859	0.729152	0.867489	11593.429687
5285.622853	0.091099	0.867489	11683.981445
5285.623886	0.090524	0.867489	11777.492187
5285.624789	0.090531	0.867489	11859.241211
5285.625648	0.090568	0.867489	11937.039062
5285.626746	0.090568	0.867489	12036.482422
5285.627708	0.090476	0.867489	12123.520508
5285.628580	0.090516	0.867489	12202.451172
5285.629596	0.090637	0.867489	12294.539062
5285.630648	0.090513	0.867489	12389.758789
5285.631533	0.090502	0.867489	12469.852539
5286.670808	1.480851	0.903864	672.306274
5286.671697	1.888539	0.903864	2351.217285
5286.672571	1.845168	0.903864	3963.894531
5286.673659	1.778394	0.903864	5898.786621
5286.674569	1.722524	0.903864	7466.283691
5286.675439	1.672544	0.903864	8921.396484
5286.676438	1.619597	0.903864	10539.374023
5286.677461	0.974725	0.903864	11536.517578
5286.678331	0.094006	0.903864	11618.302734
5286.679295	0.090604	0.903864	11705.645508
5286.680349	0.090542	0.903864	11801.077148
5286.681262	0.090535	0.903864	11883.735352
5286.682127	0.090593	0.903864	11962.098633
5286.683192	0.090593	0.903864	12058.580078
5286.684183	0.090524	0.903864	12148.289062
5286.685073	0.090491	0.903864	12228.826172
5286.686055	0.090608	0.903864	12317.802734
5286.687098	0.090623	0.903864	12412.322266
5287.708596	1.432269	0.919821	601.553101
5287.709658	1.884177	0.919821	2602.549316
5287.710671	1.829059	0.919821	4455.385742
5287.711569	1.772256	0.919821	6046.871582
5287.712541	1.714417	0.919821	7713.284180
5287.713590	1.655347	0.919821	9449.743164
5287.714507	1.604956	0.919821	10921.488281
5287.715381	0.785918	0.919821	11608.380859
5287.716466	0.090645	0.919821	11706.730469
5287.717461	0.090498	0.919821	11796.776367
5287.718333	0.090549	0.919821	11875.735352
5287.719335	0.090721	0.919821	11966.638672
5287.720385	0.090542	0.919821	12061.708008
5287.721277	0.090516	0.919821	12142.448242
5287.722133	0.090560	0.919821	12219.967773
5287.723219	0.090696	0.919821	12318.463867
5287.724184	0.090560	0.919821	12405.854492
5287.725092	0.090450	0.919821	12487.983398
5288.760335	1.508397	0.902994	760.232178
5288.761211	1.887935	0.902994	2414.062988
5288.762083	1.841869	0.902994	4020.172607
5288.763193	1.774603	0.902994	5989.982422
5288.764155	1.716445	0.902994	7641.202637
5288.765016	1.666707	0.902994	9076.237305
5288.766044	1.610936	0.902994	10732.279297
5288.767110	0.697943	0.902994	11476.287109
5288.767987	0.090527	0.902994	11555.679687
5288.768926	0.090568	0.902994	11640.722656
5288.769982	0.090553	0.902994	11736.346680
5288.770915	0.090491	0.902994	11820.774414
5288.771782	0.090531	0.902994	11899.264648
5288.772843	0.090597	0.902994	11995.387695
5288.773854	0.090542	0.902994	12086.925781
5288.774739	0.090586	0.902994	12167.094727
5288.775692	0.090564	0.902994	12253.402344
5288.776728	0.090641	0.902994	12347.306641
5289.802260	1.480946	0.949582	761.206238
5289.803316	1.881460	0.949582	2748.027832
5289.804242	1.829066	0.949582	4441.743164
5289.805108	1.773179	0.949582	5977.315918
5289.806178	1.710414	0.949582	7807.458984
5289.807182	1.653984	0.949582	9468.059570
5289.808061	1.605747	0.949582	10879.511719
5289.809056	0.678699	0.949582	11554.817383
5289.810102	0.090469	0.949582	11649.447266
5289.810995	0.090498	0.949582	11730.261719
5289.811865	0.090575	0.949582	11809.061523
5289.812935	0.090688	0.949582	11906.098633
5289.813934	0.090472	0.949582	11996.480469
5289.814829	0.090531	0.949582	12077.505859
5289.815816	0.090593	0.949582	12166.921875
5289.816867	0.090465	0.949582	12262.000977
5289.817759	0.090472	0.949582	12342.702148
5289.818624	0.090546	0.949582	12421.024414
5290.850762	1.456135	0.919256	637.787231
5290.851639	1.888960	0.919256	2294.405273
5290.852508	1.847574	0.919256	3899.947510
5290.853567	1.781931	0.919256	5787.012695
5290.854470	1.726908	0.919256	7346.410645
5290.855347	1.676038	0.919256	8816.295898
5290.856284	1.625416	0.919256	10339.310547
5290.857274	1.217897	0.919256	11545.028320
5290.858202	0.104290	0.919256	11641.808594
5290.859066	0.090385	0.919256	11719.900391
5290.860117	0.090516	0.919256	11815.033203
5290.860990	0.090505	0.919256	11894.043945
5290.861856	0.090549	0.919256	11972.459961
5290.862715	0.090513	0.919256	12050.209961
5290.863767	0.090582	0.919256	12145.502930
5290.864661	0.090549	0.919256	12226.454102
5290.865533	0.090634	0.919256	12305.486328
5290.866513	0.090590	0.919256	12394.263672
5291.893707	1.470480	0.911003	648.481567
5291.894586	1.889084	0.911003	2308.986816
5291.895585	1.840334	0.911003	4147.480957
5291.896652	1.773622	0.911003	6039.935547
5291.897551	1.718434	0.911003	7584.807617
5291.898432	1.666245	0.911003	9052.769531
5291.899545	1.607347	0.911003	10841.747070
5291.900505	0.751447	0.911003	11563.135742
5291.901375	0.090938	0.911003	11642.250977
5291.902391	0.090568	0.911003	11734.267578
5291.903427	0.090454	0.911003	11827.978516
5291.904313	0.090505	0.911003	11908.166016
5291.905232	0.090564	0.911003	11991.394531
5291.906286	0.090579	0.911003	12086.864258
5291.907229	0.090480	0.911003	12172.186523
5291.908086	0.090491	0.911003	12249.737305
5291.909129	0.090670	0.911003	12344.306641
5291.910149	0.090513	0.911003	12436.629883
5292.941243	1.439388	0.925597	608.861267
5292.942138	1.887312	0.925597	2298.005371
5292.943219	1.836387	0.925597	4283.139648
5292.944114	1.778254	0.925597	5874.677246
5292.944978	1.723491	0.925597	7363.773437
5292.946085	1.663096	0.925597	9204.820312
5292.947050	1.610442	0.925597	10758.896484
5292.947919	0.978981	0.925597	11609.630859
5292.948952	0.092384	0.925597	11705.063477
5292.949998	0.090601	0.925597	11799.832031
5292.950881	0.090557	0.925597	11879.793945
5292.951811	0.090630	0.925597	11964.080078
5292.952860	0.090571	0.925597	12059.089844
5292.953806	0.090524	0.925597	12144.725586
5292.954664	0.090590	0.925597	12222.451172
5292.955691	0.090714	0.925597	12315.614258
5292.956725	0.090494	0.925597	12409.185547
5292.957608	0.090535	0.925597	12489.127930
5293.985825	1.528564	0.941320	782.625000
5293.986832	1.883320	0.941320	2679.128418
5293.987720	1.834178	0.941320	4307.878906
5293.988595	1.778851	0.941320	5864.374023
5293.989615	1.718888	0.941320	7617.639648
5293.990514	1.665333	0.941320	9114.774414
5293.991435	1.615496	0.941320	10602.645508
5293.992325	1.068354	0.941320	11553.481445
5293.993358	0.092314	0.941320	11648.841797
5293.994250	0.090487	0.941320	11729.556641
5293.995126	0.090590	0.941320	11808.913086
5293.996085	0.090593	0.941320	11895.791992
5293.997055	0.090483	0.941320	11983.560547
5293.997971	0.090498	0.941320	12066.457031
5293.998835	0.090502	0.941320	12144.650391
5293.999866	0.090641	0.941320	12238.101562
5294.000742	0.090505	0.941320	12317.383789
5294.001598	0.090436	0.941320	12394.796875
5295.032343	1.519460	0.948534	764.288574
5295.033355	1.883434	0.948534	2670.323486
5295.034230	1.835112	0.948534	4276.046875
5295.035213	1.773003	0.948534	6018.908691
5295.036283	1.709399	0.948534	7847.965820
5295.037192	1.657376	0.948534	9354.520508
5295.038060	1.608318	0.948534	10750.540039
5295.039152	0.635599	0.948534	11444.614258
5295.040115	0.090341	0.948534	11531.612305
5295.040984	0.090531	0.948534	11610.284180
5295.042050	0.090575	0.948534	11706.836914
5295.043094	0.090535	0.948534	11801.355469
5295.043985	0.090476	0.948534	11881.969727
5295.044902	0.090491	0.948534	11964.950195
5295.045966	0.090590	0.948534	12061.337891
5295.046920	0.090469	0.948534	12147.645508
5295.047781	0.090432	0.948534	12225.507812
5295.048823	0.090637	0.948534	12319.952148
5296.077749	1.433840	0.926939	602.212952
5296.078806	1.884218	0.926939	2593.830811
5296.079823	1.828989	0.926939	4453.913086
5296.080723	1.772018	0.926939	6048.729004
5296.081699	1.714358	0.926939	7721.942383
5296.082752	1.654640	0.926939	9464.278320
5296.083680	1.603469	0.926939	10952.297852
5296.084546	0.764912	0.926939	11614.711914
5296.085602	0.090648	0.926939	11710.436523
5296.086599	0.090582	0.926939	11800.747070
5296.087474	0.090575	0.926939	11880.000000
5296.088465	0.090677	0.926939	11969.861328
5296.089515	0.090582	0.926939	12064.972656
5296.090407	0.090513	0.926939	12145.709961
5296.091263	0.090516	0.926939	12223.192383
5296.092356	0.090619	0.926939	12322.239258
5296.093344	0.090527	0.926939	12411.680664
5296.094216	0.090535	0.926939	12490.626953
5297.123776	1.439890	0.914294	614.833069
5297.124644	1.889246	0.914294	2254.698242
5297.125679	1.839327	0.914294	4158.401855
5297.126646	1.778456	0.914294	5878.168457
5297.127512	1.725421	0.914294	7372.383301
5297.128561	1.665967	0.914294	9119.982422
5297.129597	1.609882	0.914294	10787.819336
5297.130485	0.912751	0.914294	11598.342773
5297.131424	0.093153	0.914294	11685.813477
5297.132470	0.090590	0.914294	11780.570312
5297.133409	0.090458	0.914294	11865.509766
5297.134268	0.090575	0.914294	11943.313477
5297.135311	0.090641	0.914294	12037.851562
5297.136342	0.090582	0.914294	12131.242187
5297.137212	0.090571	0.914294	12210.039062
5297.138160	0.090615	0.914294	12295.942383
5297.139215	0.090604	0.914294	12391.530273
5297.140140	0.090491	0.914294	12475.234375
5298.168250	1.433954	0.913806	605.128479
5298.169286	1.884737	0.913806	2557.716553
5298.170186	1.837680	0.913806	4211.627930
5298.171057	1.782199	0.913806	5763.922852
5298.172056	1.721993	0.913806	7484.194336
5298.173063	1.664216	0.913806	9160.060547
5298.173956	1.615616	0.913806	10602.805664
5298.174824	1.065443	0.913806	11527.610352
5298.175948	0.091956	0.913806	11630.968750
5298.176859	0.090461	0.913806	11713.378906
5298.177730	0.090469	0.913806	11792.176758
5298.178715	0.090608	0.913806	11881.425781
5298.179701	0.090458	0.913806	11970.617187
5298.180591	0.090542	0.913806	12051.199219
5298.181454	0.090597	0.913806	12129.384766
5298.182537	0.090597	0.913806	12227.500977
5298.183449	0.090527	0.913806	12310.061523
5298.184309	0.090494	0.913806	12387.886719
5299.215908	1.536793	0.914986	788.374878
5299.216799	1.885913	0.914986	2468.723389
5299.217734	1.837987	0.914986	4187.241211
5299.218605	1.780093	0.914986	5737.702148
5299.219668	1.718181	0.914986	7564.128906
5299.220571	1.667040	0.914986	9069.465820
5299.221449	1.619374	0.914986	10491.276367
5299.222460	1.005421	0.914986	11507.756836
5299.223375	0.093933	0.914986	11593.706055
5299.224248	0.090417	0.914986	11672.640625
5299.225239	0.090502	0.914986	11762.328125
5299.226233	0.090502	0.914986	11852.287109
5299.227111	0.090476	0.914986	11931.725586
5299.227966	0.090579	0.914986	12009.169922
5299.229017	0.090513	0.914986	12104.298828
5299.229941	0.090498	0.914986	12187.918945
5299.230819	0.090399	0.914986	12267.289062
5299.231787	0.090513	0.914986	12354.905273
5300.259317	1.504764	0.962569	725.296448
5300.260203	1.888030	0.962569	2398.090820
5300.261165	1.840532	0.962569	4168.682617
5300.262210	1.773391	0.962569	6021.876465
5300.263137	1.717485	0.962569	7613.985352
5300.263998	1.667816	0.962569	9049.974609
5300.265058	1.610889	0.962569	10757.516602
5300.266071	0.738201	0.962569	11505.313477
5300.266950	0.091000	0.962569	11585.302734
5300.267927	0.090557	0.962569	11673.776367
5300.268974	0.090542	0.962569	11768.574219
5300.269874	0.090443	0.962569	11849.972656
5300.270741	0.090535	0.962569	11928.465820
5300.271789	0.090582	0.962569	12023.396484
5300.272789	0.090443	0.962569	12113.839844
5300.273676	0.090498	0.962569	12194.111328
5300.274640	0.090582	0.962569	12281.432617
5300.275684	0.090542	0.962569	12375.958008
5301.307983	1.558667	0.958505	891.557495
5301.309059	1.878754	0.958505	2913.096191
5301.309943	1.826620	0.958505	4527.828125
5301.310814	1.769264	0.958505	6068.856934
5301.311911	1.706228	0.958505	7940.588867
5301.312874	1.652878	0.958505	9532.310547
5301.313740	1.604681	0.958505	10921.964844
5301.314762	0.597382	0.958505	11532.489258
5301.315812	0.090388	0.958505	11627.396484
5301.316684	0.090531	0.958505	11706.339844
5301.317585	0.090582	0.958505	11787.954102
5301.318677	0.090564	0.958505	11886.849609
5301.319622	0.090516	0.958505	11972.387695
5301.320484	0.090527	0.958505	12050.421875
5301.321499	0.090597	0.958505	12142.377930
5301.322535	0.090513	0.958505	12236.149414
5301.323430	0.090509	0.958505	12317.155273
5301.324359	0.090623	0.958505	12401.343750
5302.349774	1.466631	0.948575	643.850952
5302.350639	1.887426	0.948575	2276.474121
5302.351748	1.833926	0.948575	4310.297852
5302.352715	1.772666	0.948575	6024.465820
5302.353590	1.719961	0.948575	7529.431641
5302.354626	1.662184	0.948575	9251.454102
5302.355679	1.604773	0.948575	10941.280273
5302.356560	0.755142	0.948575	11606.560547
5302.357468	0.091157	0.948575	11689.331055
5302.358547	0.090557	0.948575	11787.041992
5302.359503	0.090505	0.948575	11873.565430
5302.360368	0.090524	0.948575	11951.868164
5302.361394	0.090597	0.948575	12044.820312
5302.362432	0.090487	0.948575	12138.746094
5302.363320	0.090564	0.948575	12219.166992
5302.364270	0.090593	0.948575	12305.230469
5302.365322	0.090601	0.948575	12400.541992
5302.366255	0.090502	0.948575	12484.980469
5303.399366	1.441641	0.896702	624.230408
5303.400233	1.888788	0.896702	2261.809326
5303.401247	1.840122	0.896702	4127.692871
5303.402292	1.774405	0.896702	5981.946777
5303.403189	1.719858	0.896702	7524.659668
5303.404137	1.666446	0.896702	9104.451172
5303.405216	1.606707	0.896702	10838.087891
5303.406166	0.746700	0.896702	11547.453125
5303.407026	0.091121	0.896702	11625.816406
5303.408090	0.090619	0.896702	11722.235352
5303.409103	0.090472	0.896702	11813.883789
5303.409992	0.090590	0.896702	11894.417969
5303.410956	0.090590	0.896702	11981.746094
5303.412003	0.090531	0.896702	12076.532227
5303.412915	0.090443	0.896702	12159.016602
5303.413771	0.090472	0.896702	12236.460937
5303.414842	0.090659	0.896702	12333.556641
5303.415838	0.090535	0.896702	12423.729492
5304.441403	1.527217	0.966900	847.605347
5304.442415	1.881427	0.966900	2751.609375
5304.443296	1.831534	0.966900	4365.191406
5304.444166	1.774281	0.966900	5908.815918
5304.445266	1.710516	0.966900	7790.383789
5304.446191	1.657983	0.966900	9324.018555
5304.447070	1.610607	0.966900	10739.742187
5304.448048	0.820206	0.966900	11541.904297
5304.449043	0.090557	0.966900	11632.007812
5304.449930	0.090527	0.966900	11712.305664
5304.450790	0.090575	0.966900	11790.200195
5304.451871	0.090575	0.966900	11888.111328
5304.452783	0.090502	0.966900	11970.648437
5304.453643	0.090465	0.966900	12048.448242
5304.454695	0.090645	0.966900	12143.806641
5304.455702	0.090465	0.966900	12234.905273
5304.456575	0.090476	0.966900	12313.890625
5304.457558	0.090670	0.966900	12403.019531
5305.490874	1.439136	0.901081	611.632690
5305.491885	1.885305	0.901081	2517.676270
5305.492800	1.837214	0.901081	4198.727539
5305.493723	1.779485	0.901081	5841.191895
5305.494591	1.724817	0.901081	7338.333008
5305.495637	1.666996	0.901081	9082.010742
5305.496523	1.618916	0.901081	10516.370117
5305.497387	1.176090	0.901081	11532.511719
5305.498483	0.095361	0.901081	11637.027344
5305.499388	0.090461	0.901081	11718.894531
5305.500253	0.090513	0.901081	11797.188477
5305.501235	0.090571	0.901081	11886.129883
5305.502246	0.090469	0.901081	11977.593750
5305.503133	0.090560	0.901081	12057.920898
5305.503996	0.090553	0.901081	12136.068359
5305.505075	0.090590	0.901081	12233.814453
5305.506003	0.090531	0.901081	12317.827148
5305.506880	0.090480	0.901081	12397.177734
5306.532795	1.433599	0.936957	609.279419
5306.533663	1.889096	0.936957	2249.014404
5306.534556	1.846787	0.936957	3898.195312
5306.535593	1.782671	0.936957	5746.825195
5306.536485	1.728182	0.936957	7288.363770
5306.537359	1.677876	0.936957	8754.827148
5306.538365	1.624123	0.936957	10388.695312
5306.539285	1.236738	0.936957	11526.494141
5306.540206	0.109662	0.936957	11627.493164
5306.541070	0.090458	0.936957	11705.648437
5306.542085	0.090505	0.936957	11797.511719
5306.542975	0.090513	0.936957	11878.068359
5306.543848	0.090465	0.936957	11957.043945
5306.544814	0.090560	0.936957	12044.525391
5306.545786	0.090472	0.936957	12132.464844
5306.546667	0.090509	0.936957	12212.203125
5306.547610	0.090586	0.936957	12297.625977
5306.548645	0.090575	0.936957	12391.371094
5307.582905	1.433500	0.944711	604.936890
5307.583894	1.884661	0.944711	2468.866211
5307.584953	1.830505	0.944711	4407.371582
5307.585865	1.772479	0.944711	6023.872559
5307.586737	1.718119	0.944711	7522.072266
5307.587837	1.657482	0.944711	9345.301758
5307.588836	1.602722	0.944711	10946.420898
5307.589733	0.714822	0.944711	11587.616211
5307.590609	0.090828	0.944711	11667.181641
5307.591598	0.090612	0.944711	11756.796875
5307.592527	0.090509	0.944711	11840.879883
5307.593442	0.090450	0.944711	11923.641602
5307.594304	0.090645	0.944711	12001.777344
5307.595346	0.090557	0.944711	12096.137695
5307.596230	0.090549	0.944711	12176.183594
5307.597094	0.090553	0.944711	12254.420898
5307.598058	0.090542	0.944711	12341.703125
5307.599001	0.090520	0.944711	12427.063477
5308.623950	1.566544	0.928510	896.063293
5308.625010	1.879369	0.928510	2888.194336
5308.625895	1.827459	0.928510	4505.495117
5308.626768	1.769063	0.928510	6049.886719
5308.627894	1.705170	0.928510	7969.907715
5308.628854	1.651080	0.928510	9554.944336
5308.629722	1.603279	0.928510	10946.589844
5308.630752	0.549796	0.928510	11512.879883
5308.631788	0.090428	0.928510	11606.563477
5308.632680	0.090575	0.928510	11687.356445
5308.633606	0.090645	0.928510	11771.292969
5308.634677	0.090670	0.928510	11868.400391
5308.635614	0.090571	0.928510	11953.265625
5308.636482	0.090483	0.928510	12031.805664
5308.637553	0.090743	0.928510	12128.992187
5308.638561	0.090538	0.928510	12220.254883
5308.639453	0.090535	0.928510	12301.011719
5308.640417	0.090615	0.928510	12388.365234
5309.674027	1.547267	0.946536	809.220581
5309.675064	1.881255	0.946536	2760.081787
5309.675953	1.831414	0.946536	4388.208496
5309.676937	1.770586	0.946536	6130.464844
5309.677987	1.706862	0.946536	7922.669434
5309.678912	1.654475	0.946536	9453.058594
5309.679771	1.606326	0.946536	10832.892578
5309.680836	0.621101	0.946536	11494.365234
5309.681838	0.090414	0.946536	11584.959961
5309.682715	0.090553	0.946536	11664.375000
5309.683682	0.090527	0.946536	11751.915039
5309.684733	0.090604	0.946536	11847.139648
5309.685643	0.090538	0.946536	11929.529297
5309.686511	0.090535	0.946536	12008.113281
5309.687601	0.090663	0.946536	12106.935547
5309.688598	0.090425	0.946536	12197.088867
5309.689488	0.090619	0.946536	12277.739258
5309.690464	0.090681	0.946536	12366.244141
5310.714881	1.504702	0.894567	738.808716
5310.715760	1.887689	0.894567	2398.087402
5310.716708	1.840642	0.894567	4143.016113
5310.717770	1.772743	0.894567	6025.668945
5310.718715	1.715969	0.894567	7647.259766
5310.719578	1.665787	0.894567	9084.833984
5310.720606	1.610028	0.894567	10739.943359
5310.721649	0.703986	0.894567	11474.200195
5310.722531	0.090795	0.894567	11554.281250
5310.723487	0.090527	0.894567	11640.825195
5310.724536	0.090615	0.894567	11735.880859
5310.725464	0.090513	0.894567	11819.876953
5310.726331	0.090582	0.894567	11898.412109
5310.727392	0.090615	0.894567	11994.554687
5310.728403	0.090458	0.894567	12086.007812
5310.729288	0.090461	0.894567	12166.066406
5310.730257	0.090542	0.894567	12253.801758
5310.731308	0.090579	0.894567	12349.000000
5311.764967	1.505892	0.954005	689.698669
5311.765848	1.887982	0.954005	2353.010986
5311.766863	1.838511	0.954005	4219.099121
5311.767905	1.771787	0.954005	6065.301270
5311.768809	1.716815	0.954005	7617.302246
5311.769671	1.665454	0.954005	9052.923828
5311.770766	1.608069	0.954005	10813.758789
5311.771765	0.699554	0.954005	11512.613281
5311.772642	0.090703	0.954005	11592.160156
5311.773655	0.090557	0.954005	11683.893555
5311.774695	0.090527	0.954005	11778.041992
5311.775564	0.090480	0.954005	11856.668945
5311.776429	0.090579	0.954005	11935.019531
5311.777530	0.090630	0.954005	12034.802734
5311.778491	0.090553	0.954005	12121.824219
5311.779364	0.090553	0.954005	12200.876953
5311.780368	0.090623	0.954005	12291.862305
5311.781408	0.090513	0.954005	12385.995117
5312.807444	1.523284	0.933444	767.734985
5312.808401	1.885258	0.933444	2571.926514
5312.809262	1.838939	0.933444	4155.252930
5312.810302	1.772867	0.933444	5999.035156
5312.811346	1.710670	0.933444	7784.974609
5312.812239	1.659690	0.933444	9267.078125
5312.813189	1.608633	0.933444	10795.279297
5312.814252	0.635720	0.933444	11471.049805
5312.815188	0.090392	0.933444	11555.656250
5312.816049	0.090542	0.933444	11633.613281
5312.817102	0.090688	0.933444	11729.108398
5312.818111	0.090601	0.933444	11820.524414
5312.819005	0.090560	0.933444	11901.485352
5312.819959	0.090637	0.933444	11987.953125
5312.821007	0.090659	0.933444	12082.963867
5312.821940	0.090553	0.933444	12167.450195
5312.822802	0.090608	0.933444	12245.554687
5312.823873	0.090619	0.933444	12342.607422
5313.855929	1.436320	0.949650	601.817932
5313.856989	1.883628	0.949650	2598.463379
5313.858016	1.827740	0.949650	4475.552734
5313.858914	1.770890	0.949650	6065.812012
5313.859875	1.713805	0.949650	7712.778320
5313.860924	1.654153	0.949650	9447.984375
5313.861849	1.603594	0.949650	10931.308594
5313.862720	0.775093	0.949650	11606.414062
5313.863798	0.090542	0.949650	11704.018555
5313.864781	0.090458	0.949650	11792.938477
5313.865661	0.090520	0.949650	11872.595703
5313.866634	0.090586	0.949650	11960.735352
5313.867679	0.090557	0.949650	12055.367187
5313.868585	0.090553	0.949650	12137.408203
5313.869443	0.090546	0.949650	12215.096680
5313.870524	0.090688	0.949650	12313.130859
5313.871502	0.090520	0.949650	12401.659180
5313.872374	0.090535	0.949650	12480.605469
5314.900040	1.584100	0.977558	895.016663
5314.901089	1.879149	0.977558	2866.244141
5314.901984	1.827268	0.977558	4501.648926
5314.902895	1.769019	0.977558	6113.224609
5314.903977	1.705258	0.977558	7958.313477
5314.904933	1.651783	0.977558	9537.417969
5314.905800	1.604378	0.977558	10928.413086
5314.906860	0.535942	0.977558	11496.511719
5314.907878	0.090439	0.977558	11588.579102
5314.908772	0.090502	0.977558	11669.487305
5314.909721	0.090630	0.977558	11755.495117
5314.910763	0.090637	0.977558	11849.939453
5314.911694	0.090502	0.977558	11934.196289
5314.912559	0.090549	0.977558	12012.521484
5314.913611	0.090769	0.977558	12108.010742
5314.914607	0.090553	0.977558	12198.201172
5314.915487	0.090538	0.977558	12277.875000
5314.916467	0.090608	0.977558	12366.670898
5315.947542	1.526309	0.953191	773.838501
5315.948434	1.886803	0.953191	2456.866699
5315.949296	1.840594	0.953191	4043.458984
5315.950400	1.773263	0.953191	6001.141113
5315.951359	1.715153	0.953191	7645.972656
5315.952238	1.665146	0.953191	9109.636719
5315.953262	1.610552	0.953191	10758.841797
5315.954317	0.692981	0.953191	11489.936523
5315.955196	0.090579	0.953191	11569.554687
5315.956090	0.090516	0.953191	11650.476562
5315.957180	0.090597	0.953191	11749.227539
5315.958131	0.090516	0.953191	11835.308594
5315.959002	0.090560	0.953191	11914.186523
5315.960027	0.090692	0.953191	12007.145508
5315.961059	0.090652	0.953191	12100.698242
5315.961951	0.090575	0.953191	12181.491211
5315.962892	0.090652	0.953191	12266.794922
5315.963944	0.090667	0.953191	12362.175781
5316.991450	1.480481	0.957808	663.255493
5316.992326	1.888407	0.957808	2317.500000
5316.993273	1.843206	0.957808	4063.015625
5316.994311	1.777430	0.957808	5907.988281
5316.995196	1.723400	0.957808	7433.197266
5316.996058	1.672624	0.957808	8875.000000
5316.997120	1.616279	0.957808	10591.488281
5316.998070	1.020842	0.957808	11561.288086
5316.998933	0.095486	0.957808	11643.692383
5316.999864	0.090527	0.957808	11727.973633
5317.000928	0.090582	0.957808	11824.353516
5317.001824	0.090571	0.957808	11905.505859
5317.002760	0.090637	0.957808	11990.341797
5317.003811	0.090560	0.957808	12085.520508
5317.004753	0.090524	0.957808	12170.793945
5317.005625	0.090571	0.957808	12249.772461
5317.006680	0.090677	0.957808	12345.437500
5317.007699	0.090542	0.957808	12437.700195
5318.038454	1.432031	0.960450	602.885193
5318.039404	1.886056	0.960450	2394.638428
5318.040465	1.832901	0.960450	4339.345703
5318.041402	1.773450	0.960450	6001.068359
5318.042267	1.719968	0.960450	7488.840820
5318.043351	1.660016	0.960450	9288.297852
5318.044368	1.603956	0.960450	10919.521484
5318.045254	0.768175	0.960450	11600.125000
5318.046254	0.091443	0.960450	11691.568359
5318.047296	0.090641	0.960450	11786.016602
5318.048192	0.090582	0.960450	11867.178711
5318.049050	0.090575	0.960450	11944.891602
5318.050128	0.090656	0.960450	12042.618164
5318.051113	0.090505	0.960450	12131.765625
5318.051989	0.090472	0.960450	12211.019531
5318.052978	0.090575	0.960450	12300.598633
5318.054028	0.090604	0.960450	12395.733398
5318.054921	0.090575	0.960450	12476.617187
5319.083043	1.534739	0.938468	794.994690
5319.084073	1.881859	0.938468	2733.309570
5319.084949	1.832629	0.938468	4338.692871
5319.085887	1.773215	0.938468	6001.968750
5319.086961	1.709374	0.938468	7837.835937
5319.087895	1.656200	0.938468	9384.726562
5319.088766	1.608241	0.938468	10785.503906
5319.089804	0.682683	0.938468	11494.128906
5319.090816	0.090374	0.938468	11585.586914
5319.091704	0.090494	0.938468	11665.946289
5319.092662	0.090626	0.938468	11752.766602
5319.093709	0.090586	0.938468	11847.610352
5319.094640	0.090557	0.938468	11931.918945
5319.095501	0.090513	0.938468	12009.850586
5319.096572	0.090568	0.938468	12106.848633
5319.097571	0.090498	0.938468	12197.255859
5319.098464	0.090513	0.938468	12278.083984
5319.099427	0.090630	0.938468	12365.360352
5320.129544	1.463295	0.981281	733.110596
5320.130590	1.881940	0.981281	2701.619629
5320.131482	1.831780	0.981281	4335.567383
5320.132417	1.773043	0.981281	5993.362793
5320.133492	1.708356	0.981281	7829.845215
5320.134443	1.655164	0.981281	9403.906250
5320.135311	1.607197	0.981281	10798.953125
5320.136361	0.626481	0.981281	11456.757812
5320.137378	0.090370	0.981281	11548.664062
5320.138268	0.090498	0.981281	11629.207031
5320.139223	0.090579	0.981281	11715.709961
5320.140274	0.090590	0.981281	11810.919922
5320.141192	0.090524	0.981281	11894.020508
5320.142050	0.090527	0.981281	11971.693359
5320.143113	0.090721	0.981281	12068.129883
5320.144121	0.090531	0.981281	12159.384766
5320.144994	0.090502	0.981281	12238.392578
5320.145989	0.090677	0.981281	12328.616211
5321.174466	1.448324	0.948434	624.227600
5321.175340	1.888253	0.948434	2274.560791
5321.176216	1.848406	0.948434	3893.764160
5321.177189	1.787831	0.948434	5633.323730
5321.178115	1.730299	0.948434	7235.580566
5321.178993	1.679033	0.948434	8709.771484
5321.179922	1.628412	0.948434	10222.566406
5321.180920	1.307040	0.948434	11526.992187
5321.181849	0.116971	0.948434	11635.658203
5321.182707	0.090458	0.948434	11713.270508
5321.183725	0.090619	0.948434	11805.520508
5321.184627	0.090538	0.948434	11887.186523
5321.185546	0.090487	0.948434	11970.343750
5321.186412	0.090601	0.948434	12048.803711
5321.187446	0.090568	0.948434	12142.450195
5321.188337	0.090553	0.948434	12223.132812
5321.189196	0.090656	0.948434	12301.005859
5321.190298	0.090648	0.948434	12400.900391
5322.220518	1.492295	0.931982	692.424866
5322.221397	1.887924	0.931982	2351.909668
5322.222364	1.840470	0.931982	4131.644531
5322.223427	1.772721	0.931982	6016.046875
5322.224353	1.716691	0.931982	7605.702148
5322.225223	1.665439	0.931982	9054.634766
5322.226313	1.607677	0.931982	10807.002930
5322.227313	0.695175	0.931982	11502.177734
5322.228199	0.090538	0.931982	11582.394531
5322.229175	0.090568	0.931982	11670.788086
5322.230227	0.090436	0.931982	11765.926758
5322.231124	0.090454	0.931982	11847.064453
5322.231985	0.090509	0.931982	11924.993164
5322.233086	0.090582	0.931982	12024.724609
5322.234049	0.090439	0.931982	12111.817383
5322.234920	0.090454	0.931982	12190.602539
5322.235930	0.090612	0.931982	12282.120117
5322.236984	0.090560	0.931982	12377.570312
5323.266103	1.571620	1.016254	847.103088
5323.267123	1.880735	1.016254	2765.452637
5323.268018	1.830450	1.016254	4403.706055
5323.268997	1.769308	1.016254	6135.858398
5323.270054	1.705800	1.016254	7938.888672
5323.270973	1.654006	1.016254	9458.920898
5323.271844	1.604982	1.016254	10856.860352
5323.272949	0.540758	1.016254	11454.398437
5323.273923	0.090300	1.016254	11542.350586
5323.274803	0.090403	1.016254	11621.905273
5323.275820	0.090557	1.016254	11714.000977
5323.276867	0.090538	1.016254	11808.794922
5323.277748	0.090425	1.016254	11888.458984
5323.278607	0.090421	1.016254	11966.130859
5323.279722	0.090535	1.016254	12067.077148
5323.280680	0.090447	1.016254	12153.725586
5323.281542	0.090403	1.016254	12231.652344
5323.282585	0.090571	1.016254	12326.118164
5324.313116	1.525547	0.976088	773.452271
5324.314042	1.885605	0.976088	2519.522949
5324.314914	1.839181	0.976088	4123.288574
5324.315986	1.771813	0.976088	6022.671875
5324.317001	1.710886	0.976088	7759.221680
5324.317897	1.660250	0.976088	9246.805664
5324.318867	1.608278	0.976088	10806.834961
5324.319919	0.635134	0.976088	11474.996094
5324.320832	0.090322	0.976088	11557.459961
5324.321691	0.090553	0.976088	11635.245117
5324.322762	0.090641	0.976088	11732.321289
5324.323750	0.090571	0.976088	11821.805664
5324.324638	0.090557	0.976088	11902.219727
5324.325630	0.090619	0.976088	11992.113281
5324.326674	0.090623	0.976088	12086.723633
5324.327565	0.090538	0.976088	12167.393555
5324.328421	0.090659	0.976088	12244.998047
5324.329494	0.090604	0.976088	12342.216797
5325.356588	1.547996	0.957622	811.149658
5325.357490	1.885375	0.957622	2511.757568
5325.358427	1.836372	0.957622	4232.437988
5325.359297	1.779082	0.957622	5780.239258
5325.360336	1.718346	0.957622	7565.600586
5325.361220	1.667831	0.957622	9039.962891
5325.362089	1.620564	0.957622	10448.232422
5325.363092	1.037230	0.957622	11488.574219
5325.364008	0.094812	0.957622	11575.421875
5325.364883	0.090421	0.957622	11654.540039
5325.365857	0.090612	0.957622	11742.795898
5325.366871	0.090491	0.957622	11834.553711
5325.367756	0.090461	0.957622	11914.612305
5325.368617	0.090461	0.957622	11992.500000
5325.369693	0.090498	0.957622	12089.875977
5325.370644	0.090553	0.957622	12175.992187
5325.371522	0.090520	0.957622	12255.468750
5325.372468	0.090608	0.957622	12341.183594
5326.405656	1.526657	0.968773	777.068176
5326.406689	1.881566	0.968773	2720.725830
5326.407587	1.831322	0.968773	4365.252930
5326.408555	1.771198	0.968773	6079.772461
5326.409627	1.706298	0.968773	7908.923828
5326.410564	1.653508	0.968773	9458.260742
5326.411431	1.605077	0.968773	10849.862305
5326.412509	0.563503	0.968773	11457.319336
5326.413501	0.090359	0.968773	11546.955078
5326.414384	0.090502	0.968773	11626.868164
5326.415370	0.090663	0.968773	11716.261719
5326.416424	0.090619	0.968773	11811.774414
5326.417319	0.090619	0.968773	11892.877930
5326.418177	0.090626	0.968773	11970.634766
5326.419265	0.090707	0.968773	12069.324219
5326.420254	0.090560	0.968773	12158.888672
5326.421131	0.090516	0.968773	12238.271484
5326.422104	0.090652	0.968773	12326.475586
5327.447002	1.455022	1.015670	646.029785
5327.447873	1.888359	1.015670	2290.791016
5327.448915	1.837478	1.015670	4205.443359
5327.449943	1.772454	1.015670	6027.525391
5327.450824	1.718628	1.015670	7541.636719
5327.451785	1.663909	1.015670	9140.652344
5327.452855	1.605498	1.015670	10858.535156
5327.453784	0.746389	1.015670	11551.930664
5327.454648	0.091124	1.015670	11630.662109
5327.455682	0.090659	1.015670	11724.403320
5327.456688	0.090505	1.015670	11815.452148
5327.457581	0.090480	1.015670	11896.250977
5327.458536	0.090637	1.015670	11982.809570
5327.459591	0.090557	1.015670	12078.346680
5327.460509	0.090516	1.015670	12161.440430
5327.461369	0.090667	1.015670	12239.414062
5327.462451	0.090663	1.015670	12337.511719
5327.463428	0.090557	1.015670	12425.985352
5328.498141	1.496814	0.946995	672.069458
5328.499005	1.886876	0.946995	2302.330566
5328.500042	1.837445	0.946995	4207.760742
5328.500927	1.781060	0.946995	5783.998535
5328.501796	1.728237	0.946995	7285.836914
5328.502805	1.671383	0.946995	8972.262695
5328.503712	1.620176	0.946995	10441.761719
5328.504632	1.207570	0.946995	11552.725586
5328.505514	0.107281	0.946995	11647.347656
5328.506563	0.090461	0.946995	11742.241211
5328.507458	0.090447	0.946995	11823.191406
5328.508332	0.090513	0.946995	11902.299805
5328.509293	0.090575	0.946995	11989.342773
5328.510258	0.090498	0.946995	12076.673828
5328.511137	0.090469	0.946995	12156.196289
5328.512061	0.090608	0.946995	12239.917969
5328.513112	0.090498	0.946995	12335.031250
5328.513987	0.090461	0.946995	12414.184570
5329.536024	1.527832	0.925682	773.083008
5329.536948	1.885800	0.925682	2515.561768
5329.537813	1.839185	0.925682	4106.456543
5329.538895	1.772531	0.925682	6024.334473
5329.539891	1.712197	0.925682	7729.683105
5329.540774	1.662114	0.925682	9197.330078
5329.541764	1.609340	0.925682	10790.576172
5329.542826	0.647369	0.925682	11478.082031
5329.543719	0.090436	0.925682	11558.840820
5329.544575	0.090615	0.925682	11636.407227
5329.545670	0.090656	0.925682	11735.674805
5329.546667	0.090502	0.925682	11825.905273
5329.547541	0.090469	0.925682	11904.974609
5329.548517	0.090652	0.925682	11993.451172
5329.549580	0.090557	0.925682	12089.712891
5329.550472	0.090553	0.925682	12170.486328
5329.551356	0.090579	0.925682	12250.557617
5329.552451	0.090677	0.925682	12349.849609
5330.590655	1.443424	0.969977	614.898682
5330.591665	1.883906	0.969977	2517.644043
5330.592724	1.829253	0.969977	4454.822754
5330.593626	1.771685	0.969977	6052.882324
5330.594488	1.717112	0.969977	7533.032715
5330.595591	1.657526	0.969977	9361.283203
5330.596565	1.603960	0.969977	10923.540039
5330.597443	0.775693	0.969977	11604.598633
5330.598487	0.090699	0.969977	11699.289062
5330.599532	0.090571	0.969977	11793.936523
5330.600417	0.090553	0.969977	11874.076172
5330.601335	0.090553	0.969977	11957.204102
5330.602391	0.090630	0.969977	12052.909180
5330.603346	0.090487	0.969977	12139.324219
5330.604216	0.090520	0.969977	12218.076172
5330.605252	0.090634	0.969977	12311.972656
5330.606280	0.090582	0.969977	12405.090820
5330.607170	0.090538	0.969977	12485.669922
5331.625993	1.504113	0.938778	750.552185
5331.626885	1.886975	0.938778	2433.734131
5331.627750	1.840613	0.938778	4025.864258
5331.628864	1.772922	0.938778	6000.899902
5331.629832	1.714907	0.938778	7660.930176
5331.630703	1.664897	0.938778	9111.055664
5331.631774	1.607260	0.938778	10832.430664
5331.632792	0.652672	0.938778	11496.850586
5331.633672	0.090546	0.938778	11576.531250
5331.634605	0.090560	0.938778	11661.024414
5331.635664	0.090641	0.938778	11757.012695
5331.636605	0.090538	0.938778	11842.208984
5331.637462	0.090520	0.938778	11919.784180
5331.638511	0.090597	0.938778	12014.820312
5331.639528	0.090553	0.938778	12106.913086
5331.640400	0.090549	0.938778	12185.872070
5331.641348	0.090652	0.938778	12271.809570
5331.642411	0.090590	0.938778	12368.106445
5332.683210	1.450660	0.944011	631.037292
5332.684076	1.888268	0.944011	2266.277100
5332.685120	1.837328	0.944011	4184.447266
5332.686140	1.773050	0.944011	5992.958984
5332.687033	1.719291	0.944011	7528.285645
5332.688003	1.664539	0.944011	9142.887695
5332.689064	1.606458	0.944011	10847.338867
5332.689991	0.772551	0.944011	11563.494141
5332.690855	0.091267	0.944011	11642.348633
5332.691940	0.090538	0.944011	11740.583008
5332.692924	0.090579	0.944011	11829.711914
5332.693813	0.090590	0.944011	11910.246094
5332.694790	0.090615	0.944011	11998.777344
5332.695842	0.090557	0.944011	12094.042969
5332.696746	0.090480	0.944011	12175.836914
5332.697605	0.090454	0.944011	12253.537109
5332.698682	0.090575	0.944011	12351.085937
5332.699671	0.090498	0.944011	12440.588867
5333.716920	1.434562	0.954440	602.515930
5333.717885	1.885052	0.954440	2421.591309
5333.718958	1.831139	0.954440	4386.403320
5333.719878	1.772483	0.954440	6017.087891
5333.720756	1.717804	0.954440	7525.319824
5333.721854	1.657361	0.954440	9345.101562
5333.722841	1.602074	0.954440	10926.348633
5333.723744	0.724973	0.954440	11580.999023
5333.724734	0.091014	0.954440	11671.103516
5333.725782	0.090571	0.954440	11766.022461
5333.726686	0.090480	0.954440	11847.816406
5333.727558	0.090549	0.954440	11926.775391
5333.728413	0.090571	0.954440	12004.213867
5333.729473	0.090436	0.954440	12100.076172
5333.730361	0.090491	0.954440	12180.431641
5333.731225	0.090447	0.954440	12258.578125
5333.732201	0.090590	0.954440	12346.993164
5333.733126	0.090568	0.954440	12430.768555
5334.775320	1.525448	0.924445	768.825745
5334.776268	1.885283	0.924445	2556.074219
5334.777132	1.838965	0.924445	4144.939941
5334.778199	1.772175	0.924445	6035.851074
5334.779229	1.710593	0.924445	7797.762207
5334.780110	1.660730	0.924445	9260.865234
5334.781066	1.608483	0.924445	10798.574219
5334.782132	0.638621	0.924445	11479.343750
5334.783047	0.090359	0.924445	11562.022461
5334.783915	0.090564	0.924445	11640.631836
5334.784963	0.090685	0.924445	11735.669922
5334.785973	0.090527	0.924445	11827.102539
5334.786870	0.090516	0.924445	11908.295898
5334.787835	0.090586	0.924445	11995.710937
5334.788880	0.090608	0.924445	12090.396484
5334.789796	0.090498	0.924445	12173.292969
5334.790657	0.090582	0.924445	12251.284180
5334.791747	0.090670	0.924445	12350.114258
5335.807421	1.438751	0.918532	610.030518
5335.808332	1.886330	0.918532	2328.477539
5335.809333	1.837339	0.918532	4167.653809
5335.810262	1.779496	0.918532	5820.805664
5335.811138	1.726179	0.918532	7332.938477
5335.812155	1.669424	0.918532	9030.742187
5335.813068	1.617854	0.918532	10507.842773
5335.814002	1.133851	0.918532	11566.860352
5335.814860	0.101752	0.918532	11654.163086
5335.815886	0.090461	0.918532	11746.976562
5335.816784	0.090502	0.918532	11828.247070
5335.817659	0.090480	0.918532	11907.416992
5335.818637	0.090568	0.918532	11995.992187
5335.819586	0.090443	0.918532	12081.822266
5335.820465	0.090524	0.918532	12161.392578
5335.821406	0.090579	0.918532	12246.626953
5335.822435	0.090546	0.918532	12339.798828
5335.823336	0.090564	0.918532	12421.396484
5336.867267	1.446951	0.975645	619.294861
5336.868166	1.886213	0.975645	2315.000732
5336.869206	1.836042	0.975645	4224.484863
5336.870099	1.779500	0.975645	5813.578125
5336.870970	1.726597	0.975645	7317.443848
5336.871988	1.669629	0.975645	9017.125977
5336.872888	1.618008	0.975645	10473.333008
5336.873805	1.169978	0.975645	11546.203125
5336.874687	0.104092	0.975645	11638.011719
5336.875717	0.090494	0.975645	11731.220703
5336.876606	0.090505	0.975645	11811.679687
5336.877465	0.090538	0.975645	11889.452148
5336.878527	0.090564	0.975645	11985.630859
5336.879476	0.090469	0.975645	12071.485352
5336.880356	0.090571	0.975645	12151.188477
5336.881308	0.090626	0.975645	12237.464844
5336.882329	0.090491	0.975645	12329.855469
5336.883208	0.090612	0.975645	12409.502930
5337.899458	1.443431	0.947088	619.232056
5337.900321	1.887371	0.947088	2248.032959
5337.901408	1.835248	0.947088	4242.947266
5337.902412	1.771392	0.947088	6021.424316
5337.903305	1.718009	0.947088	7555.606445
5337.904289	1.662444	0.947088	9191.451172
5337.905346	1.603912	0.947088	10886.786133
5337.906264	0.744225	0.947088	11569.984375
5337.907122	0.091128	0.947088	11648.171875
5337.908225	0.090553	0.947088	11748.051758
5337.909190	0.090436	0.947088	11835.322266
5337.910057	0.090498	0.947088	11913.784180
5337.911114	0.090685	0.947088	12009.637695
5337.912152	0.090476	0.947088	12103.551758
5337.913032	0.090502	0.947088	12183.193359
5337.913948	0.090601	0.947088	12266.183594
5337.915008	0.090615	0.947088	12362.235352
5337.915954	0.090571	0.947088	12447.916016
5338.959302	1.450847	0.991790	628.216797
5338.960175	1.888293	0.991790	2276.696777
5338.961041	1.847076	0.991790	3876.264893
5338.962115	1.780957	0.991790	5789.012695
5338.963011	1.726198	0.991790	7335.685547
5338.963889	1.675715	0.991790	8806.963867
5338.964864	1.623717	0.991790	10390.087891
5338.965841	1.176288	0.991790	11539.321289
5338.966767	0.101646	0.991790	11633.445312
5338.967626	0.090469	0.991790	11711.158203
5338.968650	0.090557	0.991790	11803.888672
5338.969554	0.090494	0.991790	11885.695312
5338.970424	0.090476	0.991790	11964.409180
5338.971430	0.090549	0.991790	12055.501953
5338.972406	0.090461	0.991790	12143.791992
5338.973283	0.090461	0.991790	12223.126953
5338.974142	0.090498	0.991790	12300.865234
5338.975255	0.090582	0.991790	12401.683594
5339.990461	1.442450	0.937553	613.041199
5339.991533	1.883126	0.937553	2631.752441
5339.992467	1.832611	0.937553	4343.411133
5339.993339	1.776804	0.937553	5892.784180
5339.994296	1.719928	0.937553	7538.755371
5339.995327	1.660928	0.937553	9251.171875
5339.996227	1.611207	0.937553	10701.258789
5339.997102	1.024515	0.937553	11597.709961
5339.998168	0.091674	0.937553	11695.433594
5339.999101	0.090472	0.937553	11779.844727
5339.999974	0.090483	0.937553	11858.836914
5340.000905	0.090703	0.937553	11943.281250
5340.001954	0.090502	0.937553	12038.217773
5340.002851	0.090542	0.937553	12119.433594
5340.003774	0.090674	0.937553	12203.125977
5340.004835	0.090593	0.937553	12299.245117
5340.005772	0.090516	0.937553	12384.058594
5340.006632	0.090564	0.937553	12461.943359
