time (s)	coil I (A)	last det (V)	int current (uC)
4104.272404	1.564775	0.840189	754.221741
4104.273299	1.889103	0.840189	2444.968750
4104.274179	1.844527	0.840189	4068.152832
4104.275199	1.782242	0.840189	5886.040039
4104.276122	1.724121	0.840189	7477.403809
4104.277018	1.673862	0.840189	8977.184570
4104.277986	1.621835	0.840189	10547.120117
4104.279026	0.947867	0.840189	11532.902344
4104.279913	0.093182	0.840189	11615.554687
4104.280775	0.090439	0.840189	11693.513672
4104.281858	0.090549	0.840189	11791.578125
4104.282786	0.090502	0.840189	11875.563477
4104.283664	0.090443	0.840189	11954.972656
4104.284627	0.090615	0.840189	12042.235352
4104.285652	0.090516	0.840189	12135.014648
4104.286544	0.090469	0.840189	12215.712891
4104.287405	0.090542	0.840189	12293.669922
4104.288463	0.090516	0.840189	12389.436523
4105.352178	1.493049	0.773496	715.170593
4105.353063	1.889637	0.773496	2387.499756
4105.353934	1.845908	0.773496	3995.285645
4105.354976	1.780543	0.773496	5850.611816
4105.355920	1.723363	0.773496	7477.466797
4105.356800	1.672906	0.773496	8949.624023
4105.357755	1.623061	0.773496	10499.647461
4105.358799	0.977992	0.773496	11520.670898
4105.359691	0.093567	0.773496	11604.132812
4105.360553	0.090483	0.773496	11682.129883
4105.361587	0.090575	0.773496	11775.784180
4105.362538	0.090538	0.773496	11861.885742
4105.363402	0.090546	0.773496	11940.117187
4105.364449	0.090549	0.773496	12034.921875
4105.365472	0.090582	0.773496	12127.587891
4105.366359	0.090542	0.773496	12207.898437
4105.367299	0.090630	0.773496	12293.090820
4105.368359	0.090546	0.773496	12389.069336
4106.365432	1.507397	0.823906	717.521179
4106.366322	1.889539	0.823906	2399.210449
4106.367289	1.840811	0.823906	4179.274414
4106.368362	1.772505	0.823906	6081.171875
4106.369294	1.716226	0.823906	7680.694336
4106.370160	1.665824	0.823906	9123.297852
4106.371236	1.610186	0.823906	10855.857422
4106.372224	0.677996	0.823906	11525.716797
4106.373109	0.090699	0.823906	11605.985352
4106.374110	0.090604	0.823906	11696.680664
4106.375162	0.090546	0.823906	11791.934570
4106.376056	0.090487	0.823906	11872.830078
4106.376912	0.090564	0.823906	11950.352539
4106.378013	0.090586	0.823906	12050.087891
4106.378975	0.090447	0.823906	12137.097656
4106.379842	0.090524	0.823906	12215.582031
4106.380847	0.090634	0.823906	12306.668945
4106.381910	0.090491	0.823906	12402.860352
4107.444048	1.559268	0.778640	895.019653
4107.445106	1.880248	0.778640	2884.321777
4107.446004	1.827744	0.778640	4525.635742
4107.446868	1.769963	0.778640	6054.884277
4107.447979	1.706631	0.778640	7950.951172
4107.448941	1.653051	0.778640	9541.185547
4107.449814	1.606630	0.778640	10943.773437
4107.450831	0.576266	0.778640	11529.835937
4107.451880	0.090326	0.778640	11624.587891
4107.452771	0.090487	0.778640	11705.211914
4107.453696	0.090535	0.778640	11788.956055
4107.454761	0.090604	0.778640	11885.449219
4107.455694	0.090509	0.778640	11969.894531
4107.456561	0.090546	0.778640	12048.397461
4107.457610	0.090582	0.778640	12143.417969
4107.458620	0.090469	0.778640	12234.791016
4107.459515	0.090524	0.778640	12315.809570
4107.460433	0.090520	0.778640	12398.907227
4108.460296	1.473842	0.852459	739.868469
4108.461347	1.882229	0.852459	2718.091309
4108.462299	1.828890	0.852459	4459.194824
4108.463172	1.772754	0.852459	6006.809082
4108.464259	1.708345	0.852459	7863.779785
4108.465271	1.651783	0.852459	9535.384766
4108.466169	1.604619	0.852459	10976.333008
4108.467142	0.631937	0.852459	11591.208008
4108.468198	0.090432	0.852459	11686.704102
4108.469125	0.090432	0.852459	11770.535156
4108.469989	0.090524	0.852459	11848.748047
4108.471066	0.090593	0.852459	11946.317383
4108.472058	0.090465	0.852459	12036.058594
4108.472937	0.090487	0.852459	12115.596680
4108.473932	0.090630	0.852459	12205.773437
4108.474979	0.090549	0.852459	12300.578125
4108.475869	0.090531	0.852459	12381.150391
4108.476725	0.090549	0.852459	12458.660156
4109.531655	1.512707	0.783128	756.353760
4109.532539	1.888726	0.783128	2425.987061
4109.533466	1.840554	0.783128	4132.180664
4109.534550	1.772259	0.783128	6053.310059
4109.535501	1.715544	0.783128	7684.792969
4109.536376	1.664890	0.783128	9141.572266
4109.537428	1.609915	0.783128	10835.202148
4109.538466	0.621251	0.783128	11480.060547
4109.539361	0.090396	0.783128	11560.964844
4109.540325	0.090549	0.783128	11648.253906
4109.541381	0.090516	0.783128	11743.838867
4109.542307	0.090520	0.783128	11827.660156
4109.543169	0.090527	0.783128	11905.694336
4109.544241	0.090615	0.783128	12002.833984
4109.545229	0.090443	0.783128	12092.191406
4109.546115	0.090454	0.783128	12172.333984
4109.547114	0.090579	0.783128	12262.822266
4109.548160	0.090557	0.783128	12357.544922
4110.553649	1.516219	0.834420	823.307190
4110.554709	1.881006	0.834420	2817.173340
4110.555620	1.828352	0.834420	4482.802246
4110.556488	1.771278	0.834420	6020.271484
4110.557569	1.708916	0.834420	7867.609375
4110.558571	1.651912	0.834420	9522.825195
4110.559460	1.605945	0.834420	10950.509766
4110.560470	0.598037	0.834420	11554.527344
4110.561531	0.090337	0.834420	11650.375000
4110.562401	0.090527	0.834420	11729.133789
4110.563273	0.090542	0.834420	11808.085937
4110.564363	0.090494	0.834420	11906.724609
4110.565325	0.090483	0.834420	11993.769531
4110.566194	0.090447	0.834420	12072.368164
4110.567216	0.090637	0.834420	12164.999023
4110.568259	0.090535	0.834420	12259.426758
4110.569147	0.090553	0.834420	12339.837891
4110.570083	0.090509	0.834420	12424.554687
4111.620898	1.535629	0.814915	787.777466
4111.621855	1.885825	0.814915	2592.512207
4111.622721	1.839082	0.814915	4185.157227
4111.623778	1.772743	0.814915	6058.946289
4111.624809	1.710846	0.814915	7822.828613
4111.625697	1.659763	0.814915	9296.698242
4111.626641	1.610812	0.814915	10817.304687
4111.627713	0.620680	0.814915	11482.673828
4111.628649	0.090359	0.814915	11567.250000
4111.629505	0.090476	0.814915	11644.697266
4111.630552	0.090564	0.814915	11739.517578
4111.631567	0.090513	0.814915	11831.387695
4111.632456	0.090597	0.814915	11911.928711
4111.633407	0.090637	0.814915	11998.125000
4111.634462	0.090593	0.814915	12093.701172
4111.635391	0.090531	0.814915	12177.804687
4111.636254	0.090527	0.814915	12255.929687
4111.637328	0.090656	0.814915	12353.293945
4112.647712	1.536031	0.851255	787.984131
4112.648637	1.886635	0.851255	2533.121094
4112.649501	1.839558	0.851255	4122.499023
4112.650589	1.772662	0.851255	6051.155762
4112.651597	1.711655	0.851255	7776.504395
4112.652478	1.661664	0.851255	9240.429687
4112.653487	1.609849	0.851255	10864.766602
4112.654545	0.599308	0.851255	11498.833984
4112.655438	0.090388	0.851255	11579.550781
4112.656293	0.090509	0.851255	11656.935547
4112.657402	0.090637	0.851255	11757.452148
4112.658385	0.090527	0.851255	11846.440430
4112.659247	0.090502	0.851255	11924.453125
4112.660306	0.090568	0.851255	12020.364258
4112.661349	0.090509	0.851255	12114.765625
4112.662242	0.090502	0.851255	12195.583984
4112.663147	0.090703	0.851255	12277.669922
4112.664241	0.090597	0.851255	12376.783203
4113.713695	1.530820	0.788010	782.249207
4113.714721	1.882691	0.788010	2713.889648
4113.715605	1.833160	0.788010	4334.403320
4113.716592	1.772058	0.788010	6083.424805
4113.717637	1.708488	0.788010	7868.794434
4113.718561	1.655977	0.788010	9398.916992
4113.719426	1.609281	0.788010	10790.945312
4113.720522	0.623390	0.788010	11474.180664
4113.721516	0.090293	0.788010	11563.931641
4113.722388	0.090571	0.788010	11642.910156
4113.723367	0.090531	0.788010	11731.540039
4113.724419	0.090439	0.788010	11826.682617
4113.725320	0.090454	0.788010	11908.181641
4113.726187	0.090535	0.788010	11986.674805
4113.727287	0.090575	0.788010	12086.307617
4113.728259	0.090502	0.788010	12174.275391
4113.729130	0.090560	0.788010	12253.153320
4113.730205	0.090597	0.788010	12350.544922
4114.738385	1.463496	0.871489	642.474792
4114.739253	1.888832	0.871489	2281.980713
4114.740313	1.836833	0.871489	4229.024414
4114.741328	1.772501	0.871489	6028.113281
4114.742208	1.719144	0.871489	7540.959961
4114.743204	1.663356	0.871489	9197.662109
4114.744249	1.607629	0.871489	10877.634766
4114.745175	0.760389	0.871489	11581.754883
4114.746032	0.091198	0.871489	11659.911133
4114.747085	0.090520	0.871489	11755.228516
4114.748081	0.090487	0.871489	11845.353516
4114.748967	0.090483	0.871489	11925.521484
4114.749941	0.090608	0.871489	12013.773437
4114.750982	0.090549	0.871489	12108.035156
4114.751892	0.090520	0.871489	12190.408203
4114.752759	0.090575	0.871489	12268.936523
4114.753864	0.090579	0.871489	12369.026367
4114.754836	0.090439	0.871489	12456.933594
4115.803924	1.515491	0.809432	775.931213
4115.804865	1.885785	0.809432	2550.454834
4115.805734	1.839185	0.809432	4148.706055
4115.806787	1.772911	0.809432	6015.581543
4115.807810	1.711194	0.809432	7766.132812
4115.808708	1.659976	0.809432	9256.791016
4115.809676	1.610021	0.809432	10815.291016
4115.810729	0.635153	0.809432	11484.106445
4115.811648	0.090330	0.809432	11567.119141
4115.812508	0.090491	0.809432	11644.941406
4115.813578	0.090641	0.809432	11741.926758
4115.814578	0.090487	0.809432	11832.414062
4115.815457	0.090527	0.809432	11911.987305
4115.816452	0.090575	0.809432	12002.109375
4115.817507	0.090560	0.809432	12097.650391
4115.818416	0.090553	0.809432	12179.962891
4115.819273	0.090582	0.809432	12257.591797
4115.820345	0.090619	0.809432	12354.735352
4116.829449	1.472260	0.853313	739.074280
4116.830502	1.881266	0.853313	2720.047363
4116.831449	1.828231	0.853313	4451.382324
4116.832316	1.772516	0.853313	5988.153320
4116.833382	1.709388	0.853313	7810.361328
4116.834414	1.650791	0.853313	9513.977539
4116.835300	1.604678	0.853313	10935.721680
4116.836298	0.647322	0.853313	11581.749023
4116.837356	0.090377	0.853313	11677.368164
4116.838271	0.090472	0.853313	11760.150391
4116.839128	0.090538	0.853313	11837.742187
4116.840214	0.090626	0.853313	11936.162109
4116.841206	0.090505	0.853313	12025.943359
4116.842076	0.090480	0.853313	12104.661133
4116.843052	0.090542	0.853313	12193.030273
4116.844100	0.090513	0.853313	12287.887695
4116.844999	0.090447	0.853313	12369.199219
4116.845868	0.090601	0.853313	12447.930664
4117.897495	1.531890	0.817421	772.072388
4117.898380	1.887213	0.817421	2442.255859
4117.899245	1.843063	0.817421	4036.505127
4117.900307	1.776526	0.817421	5923.175781
4117.901261	1.718573	0.817421	7562.694336
4117.902132	1.667736	0.817421	9015.291992
4117.903049	1.617664	0.817421	10498.689453
4117.904136	0.887142	0.817421	11463.012695
4117.905031	0.092098	0.817421	11545.440430
4117.905891	0.090447	0.817421	11623.224609
4117.906915	0.090597	0.817421	11715.996094
4117.907892	0.090469	0.817421	11804.383789
4117.908768	0.090524	0.817421	11883.682617
4117.909636	0.090597	0.817421	11962.320312
4117.910752	0.090593	0.817421	12063.422852
4117.911638	0.090509	0.817421	12143.614258
4117.912498	0.090491	0.817421	12221.436523
4117.913568	0.090677	0.817421	12318.461914
4118.919346	1.437715	0.887606	602.402527
4118.920444	1.882888	0.887606	2669.813721
4118.921373	1.831410	0.887606	4371.193359
4118.922241	1.774951	0.887606	5911.851074
4118.923322	1.711146	0.887606	7761.600098
4118.924313	1.654523	0.887606	9401.232422
4118.925212	1.607278	0.887606	10846.174805
4118.926225	0.694603	0.887606	11549.807617
4118.927263	0.090363	0.887606	11643.603516
4118.928156	0.090520	0.887606	11724.437500
4118.929016	0.090516	0.887606	11802.281250
4118.930112	0.090608	0.887606	11901.587891
4118.931067	0.090428	0.887606	11987.947266
4118.931941	0.090586	0.887606	12067.119141
4118.932941	0.090670	0.887606	12157.789062
4118.933999	0.090461	0.887606	12253.497070
4118.934875	0.090472	0.887606	12332.750977
4118.935740	0.090509	0.887606	12411.041016
4119.990560	1.522877	0.807612	785.804626
4119.991437	1.887268	0.807612	2440.938721
4119.992320	1.839921	0.807612	4065.588623
4119.993429	1.771937	0.807612	6030.666992
4119.994381	1.714827	0.807612	7663.181641
4119.995247	1.664806	0.807612	9104.903320
4119.996284	1.609922	0.807612	10774.392578
4119.997322	0.722893	0.807612	11524.755859
4119.998207	0.090857	0.807612	11605.164062
4119.999152	0.090597	0.807612	11690.778320
4120.000214	0.090619	0.807612	11787.015625
4120.001144	0.090502	0.807612	11871.182617
4120.002001	0.090483	0.807612	11948.726562
4120.003044	0.090604	0.807612	12043.226562
4120.004058	0.090509	0.807612	12135.002930
4120.004952	0.090502	0.807612	12215.911133
4120.005900	0.090560	0.807612	12301.762695
4120.006948	0.090623	0.807612	12396.735352
4121.010440	1.499337	0.893665	748.169250
4121.011321	1.887407	0.893665	2410.975098
4121.012190	1.841027	0.893665	4010.827148
4121.013298	1.773358	0.893665	5975.708008
4121.014272	1.715123	0.893665	7646.238281
4121.015140	1.664930	0.893665	9091.397461
4121.016176	1.609684	0.893665	10759.029297
4121.017224	0.677787	0.893665	11469.349609
4121.018107	0.090623	0.893665	11549.369141
4121.019040	0.090568	0.893665	11633.869141
4121.020094	0.090648	0.893665	11729.412109
4121.021018	0.090527	0.893665	11813.059570
4121.021941	0.090542	0.893665	11896.629883
4121.022799	0.090538	0.893665	11974.311523
4121.023819	0.090527	0.893665	12066.649414
4121.024714	0.090439	0.893665	12147.592773
4121.025588	0.090527	0.893665	12226.713867
4121.026491	0.090546	0.893665	12308.476562
4122.083359	1.525305	0.806327	776.380310
4122.084289	1.885280	0.806327	2529.690186
4122.085219	1.835984	0.806327	4237.155273
4122.086089	1.780085	0.806327	5785.829590
4122.087132	1.718346	0.806327	7578.064453
4122.088015	1.666274	0.806327	9049.384766
4122.088897	1.618846	0.806327	10477.207031
4122.089858	1.066491	0.806327	11502.104492
4122.090825	0.093944	0.806327	11592.948242
4122.091740	0.090421	0.806327	11675.683594
4122.092615	0.090476	0.806327	11754.850586
4122.093687	0.090542	0.806327	11851.911133
4122.094586	0.090505	0.806327	11933.275391
4122.095456	0.090498	0.806327	12012.008789
4122.096313	0.090531	0.806327	12089.593750
4122.097363	0.090535	0.806327	12184.655273
4122.098250	0.090469	0.806327	12264.901367
4122.099105	0.090491	0.806327	12342.270508
4123.100403	1.510349	0.875565	720.436462
4123.101292	1.887631	0.875565	2398.540039
4123.102251	1.839338	0.875565	4162.465820
4123.103310	1.771681	0.875565	6038.675781
4123.104249	1.715043	0.875565	7649.100586
4123.105116	1.664231	0.875565	9091.988281
4123.106201	1.607692	0.875565	10836.333984
4123.107188	0.690352	0.875565	11517.710937
4123.108079	0.090747	0.875565	11598.566406
4123.109064	0.090597	0.875565	11687.804687
4123.110105	0.090641	0.875565	11782.162109
4123.111011	0.090487	0.875565	11864.143555
4123.111867	0.090597	0.875565	11941.694336
4123.112967	0.090586	0.875565	12041.338867
4123.113957	0.090601	0.875565	12131.033203
4123.114834	0.090513	0.875565	12210.413086
4123.115819	0.090586	0.875565	12299.640625
4123.116871	0.090575	0.875565	12394.925781
4124.177600	1.452360	0.845228	624.514587
4124.178467	1.886913	0.845228	2260.468018
4124.179599	1.831897	0.845228	4334.175293
4124.180571	1.770890	0.845228	6055.480469
4124.181440	1.718328	0.845228	7548.707031
4124.182498	1.657683	0.845228	9302.536133
4124.183546	1.602480	0.845228	10981.935547
4124.184453	0.659619	0.845228	11580.209961
4124.185378	0.090685	0.845228	11664.093750
4124.186452	0.090557	0.845228	11761.351562
4124.187399	0.090436	0.845228	11846.994141
4124.188264	0.090450	0.845228	11925.233398
4124.189319	0.090604	0.845228	12020.821289
4124.190323	0.090388	0.845228	12111.571289
4124.191209	0.090494	0.845228	12191.749023
4124.192179	0.090465	0.845228	12279.500000
4124.193219	0.090524	0.845228	12373.644531
4124.194137	0.090447	0.845228	12456.674805
4125.190137	1.507441	0.924675	729.601624
4125.191027	1.887221	0.924675	2409.227783
4125.191960	1.839972	0.924675	4125.921875
4125.193026	1.772157	0.924675	6015.041016
4125.193971	1.714969	0.924675	7635.687012
4125.194897	1.662297	0.924675	9174.974609
4125.195783	1.614745	0.924675	10605.638672
4125.196734	1.010596	0.924675	11566.714844
4125.197660	0.094017	0.924675	11653.774414
4125.198567	0.090531	0.924675	11735.885742
4125.199424	0.090546	0.924675	11813.483398
4125.200463	0.090465	0.924675	11907.476562
4125.201387	0.090516	0.924675	11991.113281
4125.202258	0.090494	0.924675	12069.933594
4125.203326	0.090630	0.924675	12166.726562
4125.204235	0.090538	0.924675	12249.026367
4125.205111	0.090549	0.924675	12328.347656
4125.205975	0.090527	0.924675	12406.563477
4126.270173	1.488904	0.818758	683.406799
4126.271050	1.888055	0.818758	2339.231201
4126.272041	1.839580	0.818758	4162.254883
4126.273087	1.772926	0.818758	6016.735352
4126.273999	1.717427	0.818758	7583.028320
4126.274863	1.666121	0.818758	9022.556641
4126.275955	1.609578	0.818758	10780.214844
4126.276949	0.738809	0.818758	11514.590820
4126.277829	0.090934	0.818758	11594.612305
4126.278845	0.090590	0.818758	11686.651367
4126.279891	0.090531	0.818758	11781.346680
4126.280774	0.090491	0.818758	11861.250000
4126.281634	0.090538	0.818758	11939.113281
4126.282730	0.090645	0.818758	12038.459961
4126.283694	0.090557	0.818758	12125.756836
4126.284561	0.090491	0.818758	12204.211914
4126.285602	0.090641	0.818758	12298.569336
4126.286650	0.090597	0.818758	12393.514648
4127.280338	1.448599	0.906853	640.280579
4127.281203	1.888129	0.906853	2273.511963
4127.282241	1.836636	0.906853	4179.939453
4127.283286	1.771011	0.906853	6030.645508
4127.284180	1.716984	0.906853	7565.628906
4127.285120	1.663239	0.906853	9129.073242
4127.286195	1.605828	0.906853	10855.337891
4127.287133	0.733158	0.906853	11543.040039
4127.288000	0.091025	0.906853	11621.958984
4127.289074	0.090630	0.906853	11719.295898
4127.290078	0.090505	0.906853	11810.163086
4127.290972	0.090516	0.906853	11891.084961
4127.291937	0.090604	0.906853	11978.517578
4127.292990	0.090586	0.906853	12073.904297
4127.293907	0.090425	0.906853	12156.824219
4127.294771	0.090568	0.906853	12235.074219
4127.295866	0.090601	0.906853	12334.282227
4127.296845	0.090465	0.906853	12422.847656
4128.362576	1.580783	0.854743	882.076660
4128.363539	1.882709	0.854743	2695.125000
4128.364410	1.833655	0.854743	4292.238281
4128.365304	1.774658	0.854743	5878.782715
4128.366426	1.710055	0.854743	7797.464355
4128.367328	1.657976	0.854743	9292.958984
4128.368200	1.611123	0.854743	10697.858398
4128.369231	0.777649	0.854743	11499.614258
4128.370204	0.090472	0.854743	11587.643555
4128.371075	0.090535	0.854743	11666.499023
4128.372106	0.090608	0.854743	11759.916016
4128.373133	0.090571	0.854743	11852.932617
4128.374029	0.090641	0.854743	11934.146484
4128.374955	0.090637	0.854743	12018.076172
4128.376019	0.090604	0.854743	12114.479492
4128.376957	0.090560	0.854743	12199.424805
4128.377818	0.090505	0.854743	12277.349609
4128.378872	0.090601	0.854743	12372.842773
4129.374138	1.440465	0.917428	610.757202
4129.375130	1.883668	0.917428	2479.356201
4129.376204	1.829022	0.917428	4443.726074
4129.377097	1.771091	0.917428	6025.310547
4129.377969	1.716156	0.917428	7521.798828
4129.379074	1.655226	0.917428	9350.823242
4129.380054	1.604051	0.917428	10922.793945
4129.380930	0.783940	0.917428	11609.525391
4129.381996	0.090725	0.917428	11706.238281
4129.383043	0.090516	0.917428	11801.008789
4129.383933	0.090498	0.917428	11881.551758
4129.384868	0.090542	0.917428	11966.208984
4129.385930	0.090553	0.917428	12062.375977
4129.386878	0.090458	0.917428	12148.129883
4129.387744	0.090432	0.917428	12226.444336
4129.388803	0.090641	0.917428	12322.432617
4129.389819	0.090414	0.917428	12414.292969
4129.390713	0.090480	0.917428	12495.181641
4130.449870	1.471999	0.853804	647.679749
4130.450750	1.887997	0.853804	2309.116943
4130.451615	1.844667	0.853804	3904.753418
4130.452713	1.777950	0.853804	5856.942871
4130.453616	1.722524	0.853804	7412.382324
4130.454491	1.672269	0.853804	8875.618164
4130.455498	1.618469	0.853804	10505.416992
4130.456507	1.008721	0.853804	11523.215820
4130.457389	0.094933	0.853804	11606.946289
4130.458245	0.090359	0.853804	11684.293945
4130.459315	0.090487	0.853804	11781.115234
4130.460238	0.090480	0.853804	11864.627930
4130.461116	0.090491	0.853804	11944.079102
4130.462088	0.090524	0.853804	12032.068359
4130.463094	0.090447	0.853804	12123.057617
4130.463990	0.090502	0.853804	12204.147461
4130.464853	0.090509	0.853804	12282.256836
4130.465938	0.090527	0.853804	12380.479492
4131.468355	1.573173	0.915240	884.122986
4131.469417	1.878398	0.915240	2878.981934
4131.470313	1.825818	0.915240	4514.915039
4131.471200	1.767825	0.915240	6082.975586
4131.472300	1.704071	0.915240	7957.453613
4131.473249	1.650421	0.915240	9523.703125
4131.474116	1.604224	0.915240	10914.564453
4131.475191	0.549108	0.915240	11504.855469
4131.476217	0.090374	0.915240	11597.579102
4131.477096	0.090410	0.915240	11677.049805
4131.477964	0.090476	0.915240	11755.583008
4131.478909	0.090520	0.915240	11841.124023
4131.479880	0.090461	0.915240	11928.961914
4131.480802	0.090443	0.915240	12012.350586
4131.481672	0.090535	0.915240	12091.116211
4131.482687	0.090564	0.915240	12183.039062
4131.483596	0.090454	0.915240	12265.261719
4131.484470	0.090436	0.915240	12344.302734
4132.538553	1.454041	0.867936	616.513184
4132.539611	1.883727	0.867936	2609.496094
4132.540509	1.834519	0.867936	4256.894531
4132.541375	1.777650	0.867936	5796.339355
4132.542462	1.714493	0.867936	7659.993652
4132.543374	1.661547	0.867936	9175.324219
4132.544253	1.614283	0.867936	10594.279297
4132.545259	0.917270	0.867936	11517.053711
4132.546265	0.091014	0.867936	11608.614258
4132.547156	0.090399	0.867936	11689.160156
4132.548012	0.090458	0.867936	11766.591797
4132.549072	0.090586	0.867936	11862.613281
4132.549990	0.090447	0.867936	11945.643555
4132.550869	0.090432	0.867936	12025.133789
4132.551842	0.090469	0.867936	12113.160156
4132.552852	0.090524	0.867936	12204.588867
4132.553747	0.090439	0.867936	12285.532227
4132.554717	0.090590	0.867936	12373.404297
4133.564599	1.433584	0.909520	603.538879
4133.565602	1.883800	0.909520	2492.990234
4133.566538	1.834995	0.909520	4210.545898
4133.567466	1.777013	0.909520	5859.613770
4133.568337	1.722576	0.909520	7359.977051
4133.569399	1.663623	0.909520	9126.745117
4133.570290	1.614785	0.909520	10565.518555
4133.571154	1.144717	0.909520	11554.553711
4133.572237	0.093743	0.909520	11656.077148
4133.573164	0.090396	0.909520	11739.874023
4133.574035	0.090491	0.909520	11818.691406
4133.575014	0.090582	0.909520	11907.371094
4133.576044	0.090414	0.909520	12000.497070
4133.576929	0.090564	0.909520	12080.646484
4133.577785	0.090425	0.909520	12158.049805
4133.578819	0.090461	0.909520	12251.586914
4133.579759	0.090483	0.909520	12336.641602
4133.580634	0.090509	0.909520	12415.836914
4134.625805	1.505149	0.884367	760.100220
4134.626683	1.886598	0.884367	2416.533203
4134.627581	1.838610	0.884367	4067.604492
4134.628685	1.770725	0.884367	6022.484863
4134.629635	1.713893	0.884367	7650.683105
4134.630503	1.663806	0.884367	9094.867187
4134.631539	1.608571	0.884367	10761.346680
4134.632561	0.702491	0.884367	11479.292969
4134.633455	0.090601	0.884367	11560.290039
4134.634409	0.090502	0.884367	11646.628906
4134.635457	0.090546	0.884367	11741.520508
4134.636395	0.090531	0.884367	11826.438477
4134.637259	0.090535	0.884367	11904.660156
4134.638318	0.090615	0.884367	12000.622070
4134.639316	0.090392	0.884367	12090.833008
4134.640212	0.090472	0.884367	12171.896484
4134.641173	0.090524	0.884367	12258.889648
4134.642221	0.090509	0.884367	12353.743164
4135.660221	1.442607	0.906297	611.665527
4135.661229	1.883719	0.906297	2510.454590
4135.662288	1.828228	0.906297	4446.547363
4135.663190	1.770231	0.906297	6043.295410
4135.664062	1.715259	0.906297	7539.000977
4135.665187	1.653783	0.906297	9399.506836
4135.666155	1.602664	0.906297	10950.884766
4135.667023	0.762297	0.906297	11612.558594
4135.668094	0.090608	0.906297	11709.599609
4135.669106	0.090421	0.906297	11801.105469
4135.669993	0.090421	0.906297	11881.308594
4135.670938	0.090505	0.906297	11966.835937
4135.671981	0.090535	0.906297	12061.263672
4135.672914	0.090381	0.906297	12145.588867
4135.673774	0.090461	0.906297	12223.385742
4135.674824	0.090546	0.906297	12318.458984
4135.675849	0.090417	0.906297	12411.136719
4135.676727	0.090454	0.906297	12490.555664
4136.713405	1.436283	0.889246	608.984009
4136.714400	1.883635	0.889246	2483.201172
4136.715465	1.828422	0.889246	4430.470215
4136.716378	1.770308	0.889246	6046.760742
4136.717247	1.715512	0.889246	7537.540039
4136.718354	1.654816	0.889246	9369.420898
4136.719326	1.603554	0.889246	10928.075195
4136.720208	0.763550	0.889246	11601.526367
4136.721280	0.090575	0.889246	11698.623047
4136.722322	0.090399	0.889246	11792.819336
4136.723215	0.090461	0.889246	11873.601562
4136.724146	0.090516	0.889246	11957.872070
4136.725206	0.090516	0.889246	12053.819336
4136.726148	0.090458	0.889246	12139.030273
4136.727012	0.090465	0.889246	12217.192383
4136.728068	0.090483	0.889246	12312.743164
4136.729075	0.090443	0.889246	12403.819336
4136.729955	0.090513	0.889246	12483.470703
4137.755145	1.505614	0.919458	754.312561
4137.756082	1.885089	0.919458	2520.641113
4137.756946	1.838390	0.919458	4109.009766
4137.758042	1.770161	0.919458	6049.106445
4137.759051	1.709381	0.919458	7773.872070
4137.759949	1.658276	0.919458	9263.003906
4137.760925	1.607091	0.919458	10831.524414
4137.761975	0.623350	0.919458	11486.041016
4137.762881	0.090352	0.919458	11567.899414
4137.763740	0.090472	0.919458	11645.615234
4137.764830	0.090546	0.919458	11744.309570
4137.765826	0.090359	0.919458	11834.306641
4137.766703	0.090450	0.919458	11913.631836
4137.767716	0.090542	0.919458	12005.350586
4137.768755	0.090487	0.919458	12099.366211
4137.769642	0.090461	0.919458	12179.605469
4137.770507	0.090505	0.919458	12257.892578
4137.771631	0.090509	0.919458	12359.625000
4138.802888	1.457399	0.919805	620.851807
4138.803777	1.886037	0.919805	2297.539062
4138.804877	1.832347	0.919805	4313.121094
4138.805834	1.771736	0.919805	6008.672363
4138.806696	1.719368	0.919805	7490.767090
4138.807747	1.659869	0.919805	9235.290039
4138.808781	1.604923	0.919805	10894.780273
4138.809678	0.773185	0.919805	11588.327148
4138.810627	0.091329	0.919805	11674.999023
4138.811679	0.090472	0.919805	11770.175781
4138.812610	0.090454	0.919805	11854.388672
4138.813469	0.090509	0.919805	11932.135742
4138.814510	0.090604	0.919805	12026.455078
4138.815531	0.090472	0.919805	12118.827148
4138.816419	0.090483	0.919805	12199.176758
4138.817372	0.090623	0.919805	12285.540039
4138.818420	0.090527	0.919805	12380.413086
4138.819345	0.090491	0.919805	12464.117187
4139.847716	1.492372	0.916332	792.449402
4139.848750	1.880574	0.916332	2736.962646
4139.849632	1.830396	0.916332	4351.371582
4139.850604	1.770267	0.916332	6072.071289
4139.851658	1.706645	0.916332	7870.875488
4139.852587	1.653571	0.916332	9407.042969
4139.853451	1.606300	0.916332	10794.886719
4139.854541	0.604277	0.916332	11453.548828
4139.855545	0.090414	0.916332	11544.324219
4139.856421	0.090560	0.916332	11623.655273
4139.857406	0.090619	0.916332	11712.915039
4139.858475	0.090549	0.916332	11809.711914
4139.859365	0.090597	0.916332	11890.342773
4139.860228	0.090538	0.916332	11968.477539
4139.861315	0.090688	0.916332	12067.055664
4139.862279	0.090414	0.916332	12154.214844
4139.863163	0.090502	0.916332	12234.218750
4139.864166	0.090615	0.916332	12325.105469
4140.894134	1.434324	0.896895	600.981628
4140.895171	1.884089	0.896895	2554.782227
4140.896076	1.835944	0.896895	4216.311035
4140.896957	1.779891	0.896895	5784.395508
4140.897859	1.724344	0.896895	7339.754395
4140.898863	1.666516	0.896895	9012.936523
4140.899799	1.616763	0.896895	10526.226562
4140.900686	1.184110	0.896895	11576.532227
4140.901710	0.102590	0.896895	11681.584961
4140.902614	0.090469	0.896895	11763.369141
4140.903484	0.090538	0.896895	11842.137695
4140.904494	0.090637	0.896895	11933.681641
4140.905486	0.090483	0.896895	12023.441406
4140.906357	0.090568	0.896895	12102.326172
4140.907216	0.090601	0.896895	12180.152344
4140.908312	0.090579	0.896895	12279.426758
4140.909212	0.090469	0.896895	12360.848633
4140.910095	0.090480	0.896895	12440.742187
4141.939149	1.467078	0.919825	639.645813
4141.940016	1.886572	0.919825	2275.303955
4141.941107	1.832816	0.919825	4274.906250
4141.942084	1.771033	0.919825	6005.205078
4141.942975	1.717833	0.919825	7535.794434
4141.943982	1.660536	0.919825	9207.954102
4141.945051	1.604436	0.919825	10923.095703
4141.945951	0.735469	0.919825	11585.017578
4141.946849	0.091113	0.919825	11666.836914
4141.947948	0.090623	0.919825	11766.430664
4141.948897	0.090461	0.919825	11852.278320
4141.949765	0.090553	0.919825	11930.877930
4141.950810	0.090710	0.919825	12025.669922
4141.951831	0.090502	0.919825	12118.072266
4141.952721	0.090557	0.919825	12198.667969
4141.953672	0.090524	0.919825	12284.755859
4141.954722	0.090557	0.919825	12379.839844
4141.955649	0.090491	0.919825	12463.724609
4142.987051	1.517494	0.919273	813.376770
4142.988121	1.878882	0.919273	2823.780518
4142.989019	1.826265	0.919273	4463.766113
4142.989893	1.769275	0.919273	6010.112305
4142.990988	1.705844	0.919273	7878.010742
4142.991993	1.648707	0.919273	9534.961914
4142.992884	1.602510	0.919273	10962.797852
4142.993877	0.576365	0.919273	11535.127930
4142.994928	0.090439	0.919273	11630.179687
4142.995813	0.090542	0.919273	11710.309570
4142.996693	0.090575	0.919273	11790.015625
4142.997577	0.090623	0.919273	11870.125977
4142.998616	0.090557	0.919273	11964.213867
4142.999497	0.090487	0.919273	12043.932617
4143.000373	0.090568	0.919273	12123.269531
4143.001374	0.090615	0.919273	12213.975586
4143.002294	0.090546	0.919273	12297.277344
4143.003197	0.090538	0.919273	12379.033203
4144.027934	1.529096	0.953864	784.426025
4144.028859	1.884987	0.953864	2528.038574
4144.029744	1.837983	0.953864	4154.653809
4144.030722	1.776790	0.953864	5892.354004
4144.031738	1.714893	0.953864	7634.685059
4144.032637	1.663484	0.953864	9130.157227
4144.033505	1.615565	0.953864	10532.467773
4144.034597	0.838528	0.953864	11448.140625
4144.035526	0.091168	0.953864	11532.835937
4144.036386	0.090553	0.953864	11610.711914
4144.037459	0.090637	0.953864	11707.965820
4144.038460	0.090469	0.953864	11798.525391
4144.039341	0.090509	0.953864	11878.263672
4144.040324	0.090608	0.953864	11967.331055
4144.041376	0.090549	0.953864	12062.588867
4144.042277	0.090524	0.953864	12144.150391
4144.043137	0.090531	0.953864	12222.006836
4144.044231	0.090626	0.953864	12321.152344
4145.080110	1.493566	0.901834	809.512573
4145.081158	1.879314	0.901834	2779.033447
4145.082088	1.826316	0.901834	4477.507324
4145.082950	1.770095	0.901834	6003.329590
4145.084047	1.706331	0.901834	7875.174316
4145.085057	1.648901	0.901834	9540.564453
4145.085936	1.602286	0.901834	10948.974609
4145.086940	0.573713	0.901834	11524.982422
4145.087991	0.090443	0.901834	11620.038086
4145.088894	0.090472	0.901834	11701.734375
4145.089753	0.090571	0.901834	11779.535156
4145.090876	0.090604	0.901834	11881.284180
4145.091831	0.090538	0.901834	11967.748047
4145.092750	0.090560	0.901834	12050.972656
4145.093628	0.090472	0.901834	12130.407227
4145.094696	0.090535	0.901834	12227.098633
4145.095583	0.090439	0.901834	12307.318359
4145.096464	0.090542	0.901834	12387.085937
4146.119958	1.477980	0.940824	762.637573
4146.121011	1.879962	0.940824	2742.237793
4146.121941	1.827286	0.940824	4441.614258
4146.122801	1.771307	0.940824	5964.938477
4146.123881	1.708396	0.940824	7810.006348
4146.124889	1.651084	0.940824	9474.298828
4146.125768	1.604374	0.940824	10884.542969
4146.126760	0.646776	0.940824	11526.144531
4146.127829	0.090425	0.940824	11622.808594
4146.128730	0.090538	0.940824	11704.383789
4146.129592	0.090480	0.940824	11782.376953
4146.130673	0.090582	0.940824	11880.296875
4146.131667	0.090491	0.940824	11970.245117
4146.132562	0.090502	0.940824	12051.244141
4146.133540	0.090586	0.940824	12139.836914
4146.134597	0.090553	0.940824	12235.551758
4146.135485	0.090582	0.940824	12315.989258
4146.136354	0.090520	0.940824	12394.651367
4147.172037	1.446595	0.907603	624.929199
4147.172905	1.886473	0.907603	2262.388184
4147.174017	1.833032	0.907603	4300.720215
4147.174976	1.772531	0.907603	6000.577148
4147.175838	1.720265	0.907603	7483.445312
4147.176886	1.661056	0.907603	9224.231445
4147.177931	1.605927	0.907603	10902.424805
4147.178811	0.788767	0.907603	11596.540039
4147.179733	0.091487	0.907603	11680.890625
4147.180803	0.090575	0.907603	11777.805664
4147.181747	0.090527	0.907603	11863.263672
4147.182613	0.090461	0.907603	11941.603516
4147.183644	0.090560	0.907603	12034.970703
4147.184668	0.090498	0.907603	12127.640625
4147.185558	0.090524	0.907603	12208.207031
4147.186507	0.090535	0.907603	12294.124023
4147.187559	0.090601	0.907603	12389.435547
4147.188490	0.090557	0.907603	12473.744141
4148.210220	1.553745	0.951874	826.592407
4148.211240	1.880632	0.951874	2744.837402
4148.212130	1.830135	0.951874	4373.658203
4148.213091	1.770689	0.951874	6075.290039
4148.214139	1.707356	0.951874	7864.599121
4148.215078	1.653655	0.951874	9417.380859
4148.215947	1.606432	0.951874	10813.370117
4148.217027	0.597689	0.951874	11458.874023
4148.218031	0.090319	0.951874	11549.553711
4148.218913	0.090546	0.951874	11629.415039
4148.219904	0.090568	0.951874	11719.167969
4148.220932	0.090494	0.951874	11812.196289
4148.221836	0.090619	0.951874	11894.116211
4148.222697	0.090498	0.951874	11972.035156
4148.223786	0.090656	0.951874	12070.758789
4148.224789	0.090502	0.951874	12161.532227
4148.225664	0.090461	0.951874	12240.685547
4148.226660	0.090531	0.951874	12330.854492
4149.265604	1.447998	0.929142	619.743164
4149.266628	1.883566	0.929142	2548.514648
4149.267681	1.828129	0.929142	4473.534180
4149.268561	1.770791	0.929142	6031.830078
4149.269473	1.715171	0.929142	7596.065918
4149.270544	1.654882	0.929142	9368.444336
4149.271506	1.604615	0.929142	10912.083984
4149.272380	0.796047	0.929142	11607.829102
4149.273395	0.090824	0.929142	11700.015625
4149.274420	0.090597	0.929142	11792.877930
4149.275318	0.090465	0.929142	11874.115234
4149.276255	0.090637	0.929142	11959.041992
4149.277304	0.090575	0.929142	12054.054687
4149.278248	0.090527	0.929142	12139.512695
4149.279111	0.090612	0.929142	12217.710937
4149.280183	0.090732	0.929142	12314.976562
4149.281181	0.090520	0.929142	12405.315430
4149.282076	0.090582	0.929142	12486.386719
4150.299375	1.458688	0.963918	697.252747
4150.300455	1.879893	0.963918	2727.536621
4150.301402	1.826287	0.963918	4457.030273
4150.302279	1.770890	0.963918	6010.100586
4150.303317	1.708843	0.963918	7783.879395
4150.304351	1.650187	0.963918	9490.172852
4150.305245	1.603381	0.963918	10923.595703
4150.306221	0.672616	0.963918	11580.069336
4150.307268	0.090549	0.963918	11674.874023
4150.308200	0.090553	0.963918	11759.269531
4150.309061	0.090542	0.963918	11837.226562
4150.310128	0.090634	0.963918	11933.932617
4150.311122	0.090546	0.963918	12023.934570
4150.312014	0.090516	0.963918	12104.674805
4150.312978	0.090648	0.963918	12192.059570
4150.314023	0.090549	0.963918	12286.683594
4150.314932	0.090549	0.963918	12368.993164
4150.315795	0.090604	0.963918	12447.184570
4151.358659	1.446980	0.894926	622.201416
4151.359673	1.883247	0.894926	2531.813965
4151.360729	1.828293	0.894926	4462.491699
4151.361624	1.770835	0.894926	6047.388672
4151.362494	1.715665	0.894926	7540.017578
4151.363608	1.655241	0.894926	9383.955078
4151.364565	1.604700	0.894926	10919.652344
4151.365437	0.791613	0.894926	11609.938477
4151.366461	0.090791	0.894926	11702.908203
4151.367497	0.090498	0.894926	11796.664062
4151.368388	0.090527	0.894926	11877.324219
4151.369309	0.090619	0.894926	11960.784180
4151.370372	0.090542	0.894926	12057.030273
4151.371319	0.090608	0.894926	12142.835937
4151.372189	0.090593	0.894926	12221.652344
4151.373245	0.090645	0.894926	12317.373047
4151.374260	0.090491	0.894926	12409.220703
4151.375151	0.090502	0.894926	12489.857422
4152.391113	1.440308	0.969494	626.533813
4152.391978	1.888034	0.969494	2259.682617
4152.392988	1.838540	0.969494	4116.607910
4152.394043	1.772637	0.969494	5986.739746
4152.394935	1.718328	0.969494	7519.488281
4152.395871	1.664777	0.969494	9077.718750
4152.396955	1.607245	0.969494	10819.972656
4152.397918	0.735579	0.969494	11528.334961
4152.398783	0.091040	0.969494	11607.084961
4152.399840	0.090652	0.969494	11702.904297
4152.400846	0.090553	0.969494	11794.000977
4152.401732	0.090531	0.969494	11874.211914
4152.402687	0.090681	0.969494	11960.812500
4152.403737	0.090590	0.969494	12055.931641
4152.404655	0.090553	0.969494	12139.059570
4152.405521	0.090542	0.969494	12217.468750
4152.406580	0.090637	0.969494	12313.453125
4152.407591	0.090575	0.969494	12405.024414
4153.449767	1.540276	0.919232	794.782410
4153.450784	1.881156	0.919232	2707.917969
4153.451678	1.831014	0.919232	4344.844727
4153.452678	1.769279	0.919232	6114.123535
4153.453717	1.706616	0.919232	7887.297852
4153.454632	1.654142	0.919232	9400.837891
4153.455494	1.606824	0.919232	10785.919922
4153.456597	0.614711	0.919232	11463.945312
4153.457598	0.090374	0.919232	11554.409180
4153.458480	0.090469	0.919232	11634.202148
4153.459482	0.090476	0.919232	11724.859375
4153.460518	0.090590	0.919232	11818.709961
4153.461392	0.090590	0.919232	11897.885742
4153.462258	0.090601	0.919232	11976.345703
4153.463351	0.090597	0.919232	12075.368164
4153.464329	0.090560	0.919232	12163.936523
4153.465196	0.090502	0.919232	12242.401367
4153.466221	0.090681	0.919232	12335.349609
4154.483731	1.512733	0.967520	765.442932
4154.484618	1.886100	0.967520	2438.413574
4154.485484	1.838899	0.967520	4030.899902
4154.486605	1.771260	0.967520	6016.482422
4154.487568	1.713614	0.967520	7666.693359
4154.488438	1.663597	0.967520	9114.023437
4154.489476	1.608303	0.967520	10783.442383
4154.490516	0.666130	0.967520	11476.217773
4154.491402	0.090542	0.967520	11556.437500
4154.492323	0.090648	0.967520	11639.924805
4154.493389	0.090604	0.967520	11736.508789
4154.494331	0.090586	0.967520	11821.840820
4154.495189	0.090505	0.967520	11899.494141
4154.496213	0.090667	0.967520	11992.336914
4154.497241	0.090553	0.967520	12085.425781
4154.498130	0.090491	0.967520	12165.872070
4154.499076	0.090619	0.967520	12251.597656
4154.500123	0.090575	0.967520	12346.429687
4155.540936	1.447826	0.925569	626.908691
4155.541808	1.887228	0.925569	2272.571289
4155.542872	1.834889	0.925569	4224.893066
4155.543893	1.770311	0.925569	6032.380859
4155.544793	1.716233	0.925569	7576.990234
4155.545759	1.661759	0.925569	9182.249023
4155.546816	1.605062	0.925569	10878.799805
4155.547746	0.727134	0.925569	11555.034180
4155.548606	0.091040	0.925569	11633.328125
4155.549697	0.090634	0.925569	11732.208984
4155.550688	0.090487	0.925569	11821.881836
4155.551579	0.090487	0.925569	11902.505859
4155.552570	0.090520	0.925569	11992.210937
4155.553608	0.090520	0.925569	12086.170898
4155.554504	0.090494	0.925569	12167.253906
4155.555425	0.090439	0.925569	12250.548828
4155.556285	0.090619	0.925569	12328.481445
4155.557326	0.090491	0.925569	12422.682617
4156.576029	1.525653	0.970743	771.980408
4156.577084	1.880387	0.970743	2755.788574
4156.577961	1.829916	0.970743	4360.624512
4156.578936	1.769271	0.970743	6085.664062
4156.579988	1.705631	0.970743	7879.988281
4156.580922	1.652648	0.970743	9423.561523
4156.581792	1.605238	0.970743	10820.119141
4156.582869	0.584410	0.970743	11449.529297
4156.583873	0.090348	0.970743	11540.238281
4156.584765	0.090494	0.970743	11620.958984
4156.585737	0.090590	0.970743	11709.011719
4156.586786	0.090557	0.970743	11804.005859
4156.587694	0.090535	0.970743	11886.210937
4156.588556	0.090531	0.970743	11964.249023
4156.589654	0.090677	0.970743	12063.812500
4156.590616	0.090483	0.970743	12150.857422
4156.591501	0.090582	0.970743	12231.022461
4156.592515	0.090579	0.970743	12322.869141
4157.630919	1.461475	0.926242	632.818481
4157.631789	1.886052	0.926242	2273.684082
4157.632890	1.832435	0.926242	4291.195312
4157.633861	1.770645	0.926242	6010.491211
4157.634750	1.717690	0.926242	7537.518066
4157.635755	1.660078	0.926242	9205.896484
4157.636822	1.603978	0.926242	10917.341797
4157.637726	0.732360	0.926242	11579.394531
4157.638631	0.090956	0.926242	11661.709961
4157.639720	0.090568	0.926242	11760.337891
4157.640675	0.090396	0.926242	11846.666016
4157.641540	0.090527	0.926242	11924.972656
4157.642587	0.090535	0.926242	12019.762695
4157.643597	0.090531	0.926242	12111.199219
4157.644488	0.090417	0.926242	12191.760742
4157.645428	0.090553	0.926242	12276.880859
4157.646480	0.090553	0.926242	12372.142578
4157.647419	0.090472	0.926242	12457.095703
4158.668838	1.515872	0.974126	807.959595
4158.669904	1.879006	0.974126	2810.980225
4158.670797	1.826686	0.974126	4442.210449
4158.671670	1.769231	0.974126	5986.749023
4158.672779	1.705543	0.974126	7878.196289
4158.673752	1.649923	0.974126	9483.571289
4158.674639	1.603894	0.974126	10906.225586
4158.675641	0.610583	0.974126	11518.030273
4158.676692	0.090396	0.974126	11613.036133
4158.677578	0.090439	0.974126	11693.165039
4158.678472	0.090542	0.974126	11774.109375
4158.679563	0.090538	0.974126	11872.886719
4158.680522	0.090458	0.974126	11959.635742
4158.681393	0.090505	0.974126	12038.465820
4158.682428	0.090575	0.974126	12132.210937
4158.683453	0.090458	0.974126	12224.929687
4158.684349	0.090469	0.974126	12305.989258
4158.685283	0.090535	0.974126	12390.548828
4159.720168	1.495430	0.954964	701.356567
4159.721049	1.886920	0.954964	2363.733154
4159.722040	1.838262	0.954964	4185.450195
4159.723093	1.771011	0.954964	6050.324219
4159.724008	1.715533	0.954964	7620.037109
4159.724868	1.664011	0.954964	9051.086914
4159.725966	1.606915	0.954964	10815.480469
4159.726962	0.698972	0.954964	11511.656250
4159.727843	0.090597	0.954964	11591.471680
4159.728840	0.090575	0.954964	11681.775391
4159.729906	0.090447	0.954964	11778.191406
4159.730797	0.090443	0.954964	11858.776367
4159.731670	0.090472	0.954964	11937.758789
4159.732783	0.090480	0.954964	12038.462891
4159.733748	0.090406	0.954964	12125.705078
4159.734620	0.090465	0.954964	12204.590820
4159.735639	0.090590	0.954964	12296.901367
4159.736676	0.090461	0.954964	12390.709961
4160.761909	1.500806	0.962146	820.940674
4160.762959	1.878684	0.962146	2793.559082
4160.763872	1.825683	0.962146	4460.407227
4160.764781	1.768209	0.962146	6067.709473
4160.765664	1.713889	0.962146	7581.073730
4160.766714	1.655398	0.962146	9319.242187
4160.767611	1.607692	0.962146	10761.341797
4160.768495	0.920006	0.962146	11574.626953
4160.769463	0.093069	0.962146	11664.717773
4160.770418	0.090447	0.962146	11751.094727
4160.771336	0.090469	0.962146	11834.145508
4160.772199	0.090461	0.962146	11912.213867
4160.773245	0.090483	0.962146	12006.859375
4160.774125	0.090377	0.962146	12086.391602
4160.774997	0.090472	0.962146	12165.283203
4160.775919	0.090502	0.962146	12248.725586
4160.776912	0.090403	0.962146	12338.495117
4160.777815	0.090491	0.962146	12420.208008
4161.810932	1.497513	0.945674	717.308899
4161.811817	1.886799	0.945674	2387.126221
4161.812828	1.836511	0.945674	4243.838867
4161.813734	1.776390	0.945674	5853.248535
4161.814651	1.721495	0.945674	7431.859863
4161.815537	1.669625	0.945674	8911.147461
4161.816566	1.615276	0.945674	10573.266602
4161.817463	1.126381	0.945674	11583.629883
4161.818322	0.100778	0.945674	11670.198242
4161.819395	0.090461	0.945674	11767.263672
4161.820334	0.090476	0.945674	11852.220703
4161.821213	0.090465	0.945674	11931.739258
4161.822172	0.090634	0.945674	12018.657227
4161.823185	0.090553	0.945674	12110.387695
4161.824066	0.090538	0.945674	12190.152344
4161.824923	0.090531	0.945674	12267.737305
4161.825977	0.090619	0.945674	12363.250000
4161.826919	0.090527	0.945674	12448.526367
4162.854088	1.460233	0.968511	635.201477
4162.854954	1.886510	0.968511	2268.919189
4162.856062	1.832677	0.968511	4299.525391
4162.856972	1.774402	0.968511	5914.230957
4162.857848	1.721946	0.968511	7422.655273
4162.858847	1.666051	0.968511	9087.040039
4162.859852	1.610885	0.968511	10705.979492
4162.860738	1.012837	0.968511	11603.353516
4162.861721	0.095380	0.968511	11697.111328
4162.862760	0.090590	0.968511	11791.234375
4162.863667	0.090494	0.968511	11873.312500
4162.864530	0.090546	0.968511	11951.453125
4162.865587	0.090601	0.968511	12047.217773
4162.866576	0.090498	0.968511	12136.720703
4162.867465	0.090542	0.968511	12217.212891
4162.868435	0.090685	0.968511	12305.176758
4162.869493	0.090524	0.968511	12400.951172
4162.870399	0.090531	0.968511	12482.972656
4163.902212	1.505398	0.955717	746.677429
4163.903208	1.882185	0.955717	2621.333740
4163.904107	1.832992	0.955717	4269.193359
4163.905090	1.771326	0.955717	6010.406250
4163.906149	1.709062	0.955717	7820.303223
4163.907050	1.656138	0.955717	9312.483398
4163.907915	1.607311	0.955717	10702.807617
4163.909025	0.648523	0.955717	11422.667969
4163.909982	0.090304	0.955717	11509.088867
4163.910842	0.090417	0.955717	11586.847656
4163.911886	0.090553	0.955717	11681.384766
4163.912920	0.090505	0.955717	11774.967773
4163.913801	0.090458	0.955717	11854.661133
4163.914734	0.090586	0.955717	11939.177734
4163.915788	0.090586	0.955717	12034.655273
4163.916724	0.090472	0.955717	12119.337891
4163.917582	0.090527	0.955717	12197.010742
4163.918611	0.090549	0.955717	12290.185547
4164.946399	1.489969	0.977538	679.426086
4164.947271	1.887158	0.977538	2325.028076
4164.948272	1.837592	0.977538	4164.457031
4164.949319	1.771329	0.977538	6019.039062
4164.950224	1.716031	0.977538	7572.047363
4164.951094	1.663235	0.977538	9019.061523
4164.952209	1.605758	0.977538	10809.481445
4164.953181	0.746213	0.977538	11534.800781
4164.954042	0.090970	0.977538	11613.125977
4164.955085	0.090612	0.977538	11707.633789
4164.956123	0.090542	0.977538	11801.616211
4164.957011	0.090579	0.977538	11882.049805
4164.957916	0.090557	0.977538	11964.003906
4164.959005	0.090542	0.977538	12062.604492
4164.959959	0.090425	0.977538	12148.870117
4164.960819	0.090516	0.977538	12226.713867
4164.961867	0.090634	0.977538	12321.698242
4164.962890	0.090491	0.977538	12414.270508
4165.993430	1.471450	0.965188	656.266785
4165.994292	1.885920	0.965188	2281.930176
4165.995390	1.832556	0.965188	4294.076660
4165.996344	1.771029	0.965188	5983.638184
4165.997226	1.718331	0.965188	7499.206055
4165.998225	1.660847	0.965188	9158.392578
4165.999284	1.604835	0.965188	10857.913086
4166.000180	0.801856	0.965188	11576.375977
4166.001066	0.091604	0.965188	11657.537109
4166.002168	0.090553	0.965188	11757.326172
4166.003125	0.090527	0.965188	11843.960937
4166.003996	0.090560	0.965188	11922.838867
4166.005018	0.090626	0.965188	12015.458984
4166.006047	0.090487	0.965188	12108.570312
4166.006937	0.090568	0.965188	12189.175781
4166.007870	0.090615	0.965188	12273.719727
4166.008939	0.090593	0.965188	12370.563477
4166.009885	0.090491	0.965188	12456.167969
4167.038133	1.431632	0.964708	601.285461
4167.039160	1.883866	0.964708	2536.015869
4167.040059	1.835779	0.964708	4186.380859
4167.040943	1.780056	0.964708	5759.950684
4167.041804	1.724864	0.964708	7245.059082
4167.042862	1.666417	0.964708	9008.128906
4167.043757	1.617667	0.964708	10455.941406
4167.044643	1.247765	0.964708	11561.460937
4167.045670	0.107333	0.964708	11671.691406
4167.046596	0.090498	0.964708	11755.492187
4167.047524	0.090502	0.964708	11839.477539
4167.048384	0.090542	0.964708	11917.343750
4167.049416	0.090483	0.964708	12010.722656
4167.050293	0.090480	0.964708	12090.073242
4167.051149	0.090524	0.964708	12167.561523
4167.052200	0.090549	0.964708	12262.728516
4167.053136	0.090531	0.964708	12347.465820
4167.054015	0.090542	0.964708	12427.051758
4168.086971	1.434181	0.953163	603.790161
4168.087971	1.883064	0.953163	2486.854004
4168.089030	1.827887	0.953163	4422.586426
4168.089931	1.770520	0.953163	6017.825195
4168.090799	1.715673	0.953163	7507.029297
4168.091921	1.654578	0.953163	9363.464844
4168.092896	1.603143	0.953163	10926.529297
4168.093769	0.771687	0.953163	11600.211914
4168.094788	0.090846	0.953163	11692.784180
4168.095823	0.090542	0.953163	11786.495117
4168.096719	0.090524	0.953163	11867.604492
4168.097643	0.090520	0.953163	11951.245117
4168.098693	0.090619	0.953163	12046.394531
4168.099634	0.090520	0.953163	12131.574219
4168.100497	0.090535	0.953163	12209.706055
4168.101542	0.090641	0.953163	12304.425781
4168.102567	0.090546	0.953163	12397.235352
4168.103447	0.090502	0.953163	12476.876953
4169.127702	1.488768	0.978449	771.182007
4169.128764	1.878977	0.978449	2766.655762
4169.129692	1.824943	0.978449	4460.202637
4169.130614	1.767671	0.978449	6089.995117
4169.131482	1.713823	0.978449	7577.593750
4169.132546	1.655270	0.978449	9338.800781
4169.133437	1.607611	0.978449	10771.182617
4169.134325	0.907540	0.978449	11577.078125
4169.135324	0.092856	0.978449	11669.841797
4169.136259	0.090524	0.978449	11754.481445
4169.137182	0.090524	0.978449	11838.035156
4169.138045	0.090601	0.978449	11916.223633
4169.139056	0.090498	0.978449	12007.716797
4169.139954	0.090513	0.978449	12088.997070
4169.140826	0.090469	0.978449	12167.885742
4169.141749	0.090604	0.978449	12251.513672
4169.142735	0.090505	0.978449	12340.751953
4169.143648	0.090542	0.978449	12423.416992
4170.180289	1.441216	0.966771	615.399170
4170.181327	1.882588	0.966771	2569.525391
4170.182347	1.827297	0.966771	4433.368652
4170.183239	1.770930	0.966771	6013.038086
4170.184218	1.713596	0.966771	7690.648437
4170.185258	1.653365	0.966771	9410.148437
4170.186194	1.603440	0.966771	10910.968750
4170.187061	0.797479	0.966771	11602.382812
4170.188142	0.090718	0.966771	11700.449219
4170.189147	0.090531	0.966771	11791.432617
4170.190017	0.090564	0.966771	11870.223633
4170.190983	0.090582	0.966771	11957.726562
4170.192043	0.090502	0.966771	12053.658203
4170.192957	0.090516	0.966771	12136.390625
4170.193820	0.090472	0.966771	12214.468750
4170.194898	0.090593	0.966771	12312.127930
4170.195890	0.090487	0.966771	12401.890625
4170.196781	0.090549	0.966771	12482.570312
4171.216085	1.456956	0.983351	654.173035
4171.216946	1.886620	0.983351	2278.552734
4171.218050	1.832688	0.983351	4301.840332
4171.219062	1.768151	0.983351	6091.208984
4171.219938	1.715218	0.983351	7593.740234
4171.220917	1.659349	0.983351	9218.243164
4171.221981	1.602795	0.983351	10923.617187
4171.222895	0.700529	0.983351	11563.900391
4171.223767	0.090912	0.983351	11643.175781
4171.224858	0.090703	0.983351	11742.132812
4171.225827	0.090461	0.983351	11829.790039
4171.226706	0.090549	0.983351	11909.382812
4171.227696	0.090667	0.983351	11999.142578
4171.228754	0.090575	0.983351	12094.970703
4171.229646	0.090568	0.983351	12175.756836
4171.230514	0.090538	0.983351	12254.343750
4171.231620	0.090626	0.983351	12354.576172
4171.232587	0.090469	0.983351	12442.059570
4172.275662	1.473124	0.956539	649.647583
4172.276546	1.887297	0.956539	2318.018555
4172.277540	1.838273	0.956539	4145.261719
4172.278605	1.771384	0.956539	6031.786133
4172.279507	1.716269	0.956539	7579.861328
4172.280373	1.664290	0.956539	9021.135742
4172.281486	1.606732	0.956539	10809.428711
4172.282458	0.749875	0.956539	11538.307617
4172.283321	0.091132	0.956539	11616.954102
4172.284386	0.090623	0.956539	11713.466797
4172.285411	0.090513	0.956539	11806.242187
4172.286294	0.090520	0.956539	11886.170898
4172.287230	0.090579	0.956539	11970.952148
4172.288277	0.090582	0.956539	12065.791992
4172.289222	0.090538	0.956539	12151.350586
4172.290082	0.090494	0.956539	12229.175781
4172.291116	0.090612	0.956539	12322.868164
4172.292139	0.090480	0.956539	12415.428711
4173.303994	1.435580	1.007751	602.943481
4173.305013	1.883240	1.007751	2521.964844
4173.305938	1.834530	1.007751	4218.905273
4173.306871	1.776200	1.007751	5876.099609
4173.307737	1.721847	1.007751	7367.219238
4173.308791	1.663385	1.007751	9120.426758
4173.309670	1.614624	1.007751	10539.681641
4173.310550	1.166799	1.007751	11566.464844
4173.311533	0.103517	1.007751	11668.221680
4173.312470	0.090461	1.007751	11752.984375
4173.313348	0.090502	1.007751	11832.445312
4173.314292	0.090619	1.007751	11917.989258
4173.315338	0.090524	1.007751	12012.676758
4173.316230	0.090513	1.007751	12093.414062
4173.317092	0.090494	1.007751	12171.419922
4173.318139	0.090579	1.007751	12266.255859
4173.319080	0.090531	1.007751	12351.445312
4173.319953	0.090491	1.007751	12430.443359
4174.371135	1.569305	0.933634	852.132812
4174.372136	1.880240	0.933634	2734.253418
4174.373019	1.830447	0.933634	4350.538086
4174.374014	1.768649	0.933634	6110.343750
4174.375063	1.705950	0.933634	7899.885254
4174.375966	1.653776	0.933634	9393.244141
4174.376836	1.605106	0.933634	10789.686523
4174.377965	0.577419	0.933634	11441.592773
4174.378933	0.090326	0.933634	11529.028320
4174.379792	0.090509	0.933634	11606.775391
4174.380823	0.090608	0.933634	11700.192383
4174.381885	0.090604	0.933634	11796.414062
4174.382756	0.090458	0.933634	11875.203125
4174.383685	0.090604	0.933634	11959.374023
4174.384749	0.090568	0.933634	12055.738281
4174.385689	0.090542	0.933634	12140.847656
4174.386558	0.090527	0.933634	12219.515625
4174.387579	0.090579	0.933634	12311.996094
4175.393843	1.523474	1.006397	827.246460
4175.394905	1.878215	1.006397	2821.911133
4175.395816	1.825140	1.006397	4484.614258
4175.396677	1.768458	1.006397	6007.256836
4175.397784	1.704833	1.006397	7894.506836
4175.398749	1.649648	1.006397	9486.417969
4175.399628	1.603030	1.006397	10895.481445
4175.400649	0.612371	1.006397	11520.711914
4175.401687	0.090381	1.006397	11614.527344
4175.402563	0.090487	1.006397	11693.793945
4175.403447	0.090524	1.006397	11773.816406
4175.404542	0.090549	1.006397	11872.967773
4175.405502	0.090538	1.006397	11959.884766
4175.406368	0.090465	1.006397	12038.227539
4175.407387	0.090553	1.006397	12130.500977
4175.408421	0.090509	1.006397	12224.086914
4175.409317	0.090626	1.006397	12305.288086
4175.410248	0.090571	1.006397	12389.610352
4176.464651	1.516436	0.950150	762.767090
4176.465571	1.884448	0.950150	2496.459473
4176.466445	1.837262	0.950150	4102.226562
4176.467519	1.770245	0.950150	6003.470215
4176.468532	1.709330	0.950150	7735.021484
4176.469429	1.658415	0.950150	9222.620117
4176.470419	1.605436	0.950150	10812.001953
4176.471487	0.607969	0.950150	11461.312500
4176.472393	0.090337	0.950150	11543.158203
4176.473252	0.090520	0.950150	11620.915039
4176.474347	0.090630	0.950150	11720.154297
4176.475324	0.090439	0.950150	11808.513672
4176.476192	0.090487	0.950150	11887.056641
4176.477273	0.090608	0.950150	11985.003906
4176.478315	0.090542	0.950150	12079.348633
4176.479206	0.090509	0.950150	12159.992187
4176.480136	0.090549	0.950150	12244.203125
4176.481193	0.090612	0.950150	12339.979492
4177.481703	1.495199	1.023413	695.267517
4177.482582	1.886459	1.023413	2353.464844
4177.483572	1.837903	1.023413	4172.988281
4177.484632	1.770461	1.023413	6049.677246
4177.485545	1.714845	1.023413	7615.330566
4177.486409	1.663260	1.023413	9052.387695
4177.487497	1.606289	1.023413	10800.030273
4177.488496	0.701686	1.023413	11501.014648
4177.489378	0.090663	1.023413	11580.979492
4177.490381	0.090601	1.023413	11671.851562
4177.491441	0.090590	1.023413	11767.876953
4177.492332	0.090557	1.023413	11848.562500
4177.493193	0.090564	1.023413	11926.538086
4177.494294	0.090681	1.023413	12026.377930
4177.495268	0.090542	1.023413	12114.565430
4177.496133	0.090527	1.023413	12192.872070
4177.497174	0.090612	1.023413	12287.198242
4177.498200	0.090593	1.023413	12380.146484
4178.557459	1.518256	0.929589	769.755615
4178.558424	1.882892	0.929589	2586.746338
4178.559309	1.834779	0.929589	4210.525879
4178.560307	1.772080	0.929589	5979.061523
4178.561368	1.709095	0.929589	7792.412109
4178.562262	1.656855	0.929589	9273.640625
4178.563152	1.607457	0.929589	10704.277344
4178.564270	0.628012	0.929589	11406.394531
4178.565222	0.090311	0.929589	11492.371094
4178.566083	0.090549	0.929589	11570.333984
4178.567126	0.090667	0.929589	11664.899414
4178.568146	0.090527	0.929589	11757.237305
4178.569033	0.090535	0.929589	11837.541992
4178.569976	0.090608	0.929589	11922.985352
4178.571033	0.090677	0.929589	12018.831055
4178.571962	0.090549	0.929589	12102.951172
4178.572824	0.090520	0.929589	12180.979492
4178.573879	0.090575	0.929589	12276.536133
4179.572155	1.434675	1.028420	602.563599
4179.573048	1.884921	1.028420	2285.797852
4179.574158	1.830549	1.028420	4317.707520
4179.575115	1.770747	1.028420	6012.312500
4179.575984	1.717844	1.028420	7505.119141
4179.577039	1.657694	1.028420	9253.986328
4179.578068	1.602532	1.028420	10902.991211
4179.578979	0.727581	1.028420	11565.817383
4179.579933	0.091102	1.028420	11652.728516
4179.580990	0.090623	1.028420	11748.516602
4179.581920	0.090461	1.028420	11832.645508
4179.582781	0.090542	1.028420	11910.602539
4179.583839	0.090615	1.028420	12006.473633
4179.584837	0.090491	1.028420	12096.783203
4179.585720	0.090619	1.028420	12176.799805
4179.586700	0.090608	1.028420	12265.595703
4179.587738	0.090597	1.028420	12359.635742
4179.588644	0.090604	1.028420	12441.723633
4180.649659	1.438645	0.934842	608.546814
4180.650721	1.882127	0.934842	2607.365234
4180.651678	1.830359	0.934842	4359.018555
4180.652554	1.774515	0.934842	5913.494141
4180.653471	1.717760	0.934842	7488.680176
4180.654552	1.657203	0.934842	9280.117187
4180.655454	1.608483	0.934842	10730.968750
4180.656332	0.979490	0.934842	11590.960937
4180.657364	0.091732	0.934842	11685.628906
4180.658332	0.090458	0.934842	11773.192383
4180.659198	0.090505	0.934842	11851.570312
4180.660236	0.090714	0.934842	11945.731445
4180.661267	0.090575	0.934842	12039.114258
4180.662161	0.090527	0.934842	12120.045898
4180.663104	0.090634	0.934842	12205.513672
4180.664140	0.090659	0.934842	12299.436523
4180.665085	0.090494	0.934842	12384.954102
4180.665952	0.090568	0.934842	12463.476562
4181.665473	1.440447	1.019985	615.070801
4181.666472	1.883024	1.019985	2496.211426
4181.667524	1.828088	1.019985	4419.360352
4181.668446	1.769524	1.019985	6050.861328
4181.669309	1.715911	1.019985	7531.692383
4181.670392	1.655801	1.019985	9324.924805
4181.671391	1.602180	1.019985	10925.502930
4181.672271	0.757613	1.019985	11592.203125
4181.673261	0.091223	1.019985	11682.513672
4181.674314	0.090619	1.019985	11777.935547
4181.675206	0.090571	1.019985	11858.725586
4181.676073	0.090623	1.019985	11937.294922
4181.677163	0.090677	1.019985	12036.133789
4181.678133	0.090527	1.019985	12123.945312
4181.679002	0.090557	1.019985	12202.638672
4181.680095	0.090645	1.019985	12301.712891
4181.681124	0.090454	1.019985	12394.790039
4181.682010	0.090542	1.019985	12475.009766
4182.740296	1.567178	0.935829	887.022644
4182.741294	1.878962	0.935829	2762.227051
4182.742195	1.827894	0.935829	4409.159668
4182.743062	1.770560	0.935829	5944.235352
4182.744177	1.706836	0.935829	7847.357422
4182.745095	1.653794	0.935829	9365.540039
4182.745981	1.606274	0.935829	10788.699219
4182.746998	0.710607	0.935829	11511.386719
4182.747982	0.090264	0.935829	11600.206055
4182.748871	0.090520	0.935829	11680.678711
4182.749732	0.090491	0.935829	11758.590820
4182.750830	0.090524	0.935829	11857.985352
4182.751726	0.090498	0.935829	11939.071289
4182.752598	0.090568	0.935829	12018.045898
4182.753599	0.090623	0.935829	12108.758789
4182.754595	0.090447	0.935829	12198.843750
4182.755468	0.090465	0.935829	12277.819336
4182.756452	0.090546	0.935829	12366.916016
4183.757351	1.540122	1.037770	796.243103
4183.758268	1.884163	1.037770	2524.020264
4183.759141	1.837606	1.037770	4128.250488
4183.760134	1.775277	1.037770	5891.100586
4183.761139	1.713955	1.037770	7613.625488
4183.762037	1.662565	1.037770	9106.608398
4183.762904	1.613870	1.037770	10505.833008
4183.764003	0.840923	1.037770	11430.006836
4183.764927	0.091165	1.037770	11514.243164
4183.765792	0.090509	1.037770	11592.533203
4183.766888	0.090597	1.037770	11691.827148
4183.767876	0.090461	1.037770	11781.203125
4183.768770	0.090483	1.037770	11862.095703
4183.769760	0.090593	1.037770	11951.783203
4183.770810	0.090549	1.037770	12046.860352
4183.771713	0.090612	1.037770	12128.682617
4183.772577	0.090564	1.037770	12206.929687
4183.773657	0.090579	1.037770	12304.754883
4184.830490	1.527213	0.930246	772.769836
4184.831416	1.884503	0.930246	2517.819824
4184.832287	1.838317	0.930246	4118.993652
4184.833255	1.777189	0.930246	5839.312500
4184.834272	1.715156	0.930246	7583.626465
4184.835176	1.663260	0.930246	9087.213867
4184.836046	1.614891	0.930246	10492.169922
4184.837116	0.897576	0.930246	11452.576172
4184.838046	0.091512	0.930246	11537.682617
4184.838933	0.090439	0.930246	11617.902344
4184.839888	0.090491	0.930246	11704.321289
4184.840921	0.090454	0.930246	11797.760742
4184.841811	0.090498	0.930246	11878.303711
4184.842776	0.090520	0.930246	11965.655273
4184.843819	0.090659	0.930246	12060.212891
4184.844741	0.090513	0.930246	12143.666016
4184.845603	0.090626	0.930246	12221.786133
4184.846662	0.090608	0.930246	12317.740234
4185.848763	1.441684	1.023485	614.157593
4185.849721	1.884089	1.023485	2419.115234
4185.850768	1.830780	1.023485	4335.941895
4185.851668	1.773281	1.023485	5931.895020
4185.852614	1.717485	1.023485	7556.636230
4185.853669	1.656746	1.023485	9304.502930
4185.854609	1.606652	1.023485	10814.755859
4185.855478	0.898817	1.023485	11595.828125
4185.856545	0.090978	1.023485	11692.901367
4185.857551	0.090487	1.023485	11783.931641
4185.858431	0.090575	1.023485	11863.637695
4185.859415	0.090601	1.023485	11952.789062
4185.860477	0.090458	1.023485	12048.855469
4185.861384	0.090443	1.023485	12130.887695
4185.862240	0.090568	1.023485	12208.414062
4185.863332	0.090597	1.023485	12307.345703
4185.864325	0.090447	1.023485	12397.159180
4185.865199	0.090513	1.023485	12476.267578
4186.921161	1.457084	0.944075	630.917297
4186.922031	1.886803	0.944075	2272.436035
4186.923083	1.834292	0.944075	4202.111328
4186.924103	1.770007	0.944075	6007.518555
4186.925001	1.716240	0.944075	7548.702148
4186.925971	1.661114	0.944075	9159.983398
4186.927030	1.603931	0.944075	10858.545898
4186.927953	0.745411	0.944075	11546.560547
4186.928877	0.090630	0.944075	11630.302734
4186.929740	0.090538	0.944075	11708.437500
4186.930787	0.090465	0.944075	11803.154297
4186.931671	0.090516	0.944075	11883.170898
4186.932552	0.090549	0.944075	11962.945312
4186.933543	0.090476	0.944075	12052.607422
4186.934497	0.090494	0.944075	12138.939453
4186.935426	0.090472	0.944075	12222.988281
4186.936281	0.090553	0.944075	12300.411133
4186.937298	0.090483	0.944075	12392.432617
4187.940809	1.470978	1.030950	635.462402
4187.941704	1.886774	1.030950	2324.125000
4187.942719	1.835760	1.030950	4187.421875
4187.943778	1.769700	1.030950	6061.533691
4187.944670	1.714999	1.030950	7591.312500
4187.945549	1.664403	1.030950	9054.322266
4187.946459	1.614243	1.030950	10523.283203
4187.947477	0.939305	1.030950	11479.496094
4187.948402	0.092446	1.030950	11565.008789
4187.949279	0.090524	1.030950	11644.398437
4187.950288	0.090480	1.030950	11735.692383
4187.951199	0.090505	1.030950	11818.142578
4187.952120	0.090531	1.030950	11901.521484
4187.952977	0.090491	1.030950	11979.072266
4187.953987	0.090509	1.030950	12070.486328
4187.954884	0.090520	1.030950	12151.682617
4187.955761	0.090505	1.030950	12231.055664
4187.956728	0.090582	1.030950	12318.648437
4189.012755	1.523254	0.940768	773.813232
4189.013790	1.880167	0.940768	2719.786133
4189.014693	1.828997	0.940768	4371.370117
4189.015638	1.770212	0.940768	6044.220703
4189.016685	1.706913	0.940768	7831.358398
4189.017627	1.653204	0.940768	9388.676758
4189.018498	1.605743	0.940768	10787.279297
4189.019572	0.621929	0.940768	11455.230469
4189.020581	0.090355	0.940768	11546.398437
4189.021461	0.090579	0.940768	11626.107422
4189.022455	0.090648	0.940768	11716.211914
4189.023505	0.090498	0.940768	11811.234375
4189.024410	0.090487	0.940768	11893.125000
4189.025266	0.090472	0.940768	11970.569336
4189.026343	0.090571	0.940768	12068.114258
4189.027342	0.090487	0.940768	12158.510742
4189.028218	0.090527	0.940768	12237.812500
4189.029100	0.090498	0.940768	12317.631836
4190.032665	1.527092	1.042044	766.600281
4190.033691	1.880200	1.042044	2695.685547
4190.034589	1.830103	1.042044	4339.117676
4190.035547	1.770549	1.042044	6035.303711
4190.036609	1.706089	1.042044	7847.169922
4190.037547	1.652846	1.042044	9397.539062
4190.038416	1.605381	1.042044	10792.615234
4190.039492	0.606797	1.042044	11445.528320
4190.040497	0.090417	1.042044	11536.397461
4190.041394	0.090575	1.042044	11617.643555
4190.042373	0.090557	1.042044	11706.298828
4190.043423	0.090597	1.042044	11801.425781
4190.044332	0.090509	1.042044	11883.698242
4190.045195	0.090549	1.042044	11961.842773
4190.046283	0.090582	1.042044	12060.396484
4190.047278	0.090502	1.042044	12150.445312
4190.048161	0.090520	1.042044	12230.374023
4190.049171	0.090692	1.042044	12321.972656
4191.103958	1.453195	0.933980	642.312012
4191.104819	1.887261	0.933980	2267.243652
4191.105844	1.836075	0.933980	4149.220703
4191.106885	1.770857	0.933980	5992.682617
4191.107783	1.716522	0.933980	7534.119629
4191.108724	1.662784	0.933980	9098.799805
4191.109791	1.605183	0.933980	10811.530273
4191.110732	0.764539	0.933980	11530.960937
4191.111596	0.091208	0.933980	11609.764648
4191.112656	0.090619	0.933980	11705.820312
4191.113661	0.090527	0.933980	11796.800781
4191.114553	0.090564	0.933980	11877.583984
4191.115515	0.090641	0.933980	11964.780273
4191.116562	0.090560	0.933980	12059.596680
4191.117489	0.090553	0.933980	12143.539062
4191.118351	0.090553	0.933980	12221.595703
4191.119429	0.090648	0.933980	12319.314453
4191.120429	0.090524	0.933980	12409.837891
4192.124347	1.435529	1.020649	607.228577
4192.125294	1.884511	1.020649	2391.860107
4192.126347	1.830894	1.020649	4319.791016
4192.127297	1.771014	1.020649	6002.254883
4192.128169	1.717577	1.020649	7499.981934
4192.129230	1.657599	1.020649	9258.694336
4192.130247	1.602935	1.020649	10888.878906
4192.131142	0.771229	1.020649	11579.128906
4192.132016	0.091198	1.020649	11658.835937
4192.133008	0.090421	1.020649	11748.534180
4192.133956	0.090421	1.020649	11834.253906
4192.134879	0.090458	1.020649	11917.746094
4192.135739	0.090425	1.020649	11995.511719
4192.136748	0.090483	1.020649	12086.809570
4192.137637	0.090480	1.020649	12167.246094
4192.138514	0.090447	1.020649	12246.568359
4192.139436	0.090516	1.020649	12330.024414
4192.140434	0.090436	1.020649	12420.279297
4193.196073	1.538188	0.946846	798.319824
4193.197028	1.882932	0.946846	2596.520020
4193.197894	1.835691	0.946846	4186.228516
4193.198951	1.769758	0.946846	6056.862793
4193.199991	1.707587	0.946846	7832.752930
4193.200879	1.656376	0.946846	9303.614258
4193.201809	1.606084	0.946846	10797.272461
4193.202897	0.605134	0.946846	11455.658203
4193.203817	0.090256	0.946846	11538.694336
4193.204681	0.090469	0.946846	11616.859375
4193.205720	0.090571	0.946846	11710.962891
4193.206734	0.090505	0.946846	11802.735352
4193.207626	0.090520	0.946846	11883.479492
4193.208586	0.090491	0.946846	11970.350586
4193.209634	0.090531	0.946846	12065.227539
4193.210570	0.090494	0.946846	12149.930664
4193.211432	0.090560	0.946846	12227.993164
4193.212495	0.090575	0.946846	12324.274414
4194.215970	1.529626	1.047619	787.757568
4194.216925	1.883038	1.047619	2586.059082
4194.217789	1.836064	1.047619	4172.418945
4194.218838	1.770344	1.047619	6029.510254
4194.219885	1.708000	1.047619	7817.786621
4194.220772	1.656757	1.047619	9287.330078
4194.221649	1.608977	1.047619	10698.402344
4194.222602	0.883411	1.047619	11540.292969
4194.223604	0.090773	1.047619	11631.247070
4194.224504	0.090465	1.047619	11712.666016
4194.225381	0.090560	1.047619	11792.087891
4194.226408	0.090513	1.047619	11885.043945
4194.227319	0.090524	1.047619	11967.510742
4194.228193	0.090396	1.047619	12046.516602
4194.229050	0.090516	1.047619	12124.088867
4194.230112	0.090388	1.047619	12220.081055
4194.230996	0.090502	1.047619	12300.084961
4194.231875	0.090546	1.047619	12379.674805
4195.287008	1.475768	0.942855	656.716614
4195.287881	1.886561	0.942855	2303.684814
4195.288745	1.844846	0.942855	3897.631836
4195.289789	1.780129	0.942855	5756.086914
4195.290676	1.725721	0.942855	7286.801758
4195.291545	1.674576	0.942855	8742.008789
4195.292489	1.623365	0.942855	10274.465820
4195.293461	1.270360	0.942855	11509.255859
4195.294386	0.109790	0.942855	11610.811523
4195.295267	0.090410	0.942855	11690.462891
4195.296307	0.090557	0.942855	11784.641602
4195.297221	0.090439	0.942855	11867.303711
4195.298084	0.090480	0.942855	11945.387695
4195.299166	0.090590	0.942855	12043.405273
4195.300135	0.090428	0.942855	12131.030273
4195.301026	0.090487	0.942855	12211.654297
4195.301881	0.090461	0.942855	12288.999023
4195.302986	0.090494	0.942855	12388.995117
4196.306420	1.505998	1.043139	721.373291
4196.307299	1.886093	1.043139	2379.248535
4196.308278	1.837548	1.043139	4178.207520
4196.309332	1.770051	1.043139	6043.841797
4196.310262	1.713995	1.043139	7637.857422
4196.311126	1.662455	1.043139	9074.218750
4196.312186	1.606047	1.043139	10776.628906
4196.313198	0.694695	1.043139	11479.660156
4196.314084	0.090656	1.043139	11559.980469
4196.315071	0.090560	1.043139	11649.363281
4196.316121	0.090575	1.043139	11744.466797
4196.317026	0.090520	1.043139	11826.387695
4196.317888	0.090597	1.043139	11904.482422
4196.318982	0.090604	1.043139	12003.603516
4196.319968	0.090469	1.043139	12092.805664
4196.320863	0.090480	1.043139	12173.785156
4196.321850	0.090615	1.043139	12263.222656
4196.322910	0.090615	1.043139	12359.274414
4197.379080	1.508628	0.953139	755.822571
4197.380021	1.883991	0.953139	2528.657715
4197.380892	1.837405	0.953139	4129.037109
4197.381932	1.771853	0.953139	5971.764160
4197.382969	1.709575	0.953139	7744.593750
4197.383865	1.658276	0.953139	9230.409180
4197.384833	1.607197	0.953139	10786.175781
4197.385883	0.654778	0.953139	11473.692383
4197.386819	0.090399	0.953139	11558.305664
4197.387683	0.090568	0.953139	11636.555664
4197.388740	0.090597	0.953139	11732.316406
4197.389730	0.090447	0.953139	11821.858398
4197.390623	0.090454	0.953139	11902.633789
4197.391590	0.090623	0.953139	11990.265625
4197.392628	0.090579	0.953139	12084.286133
4197.393545	0.090491	0.953139	12167.266602
4197.394404	0.090604	0.953139	12245.095703
4197.395474	0.090703	0.953139	12342.148437
4198.397372	1.435708	1.048610	604.433105
4198.398386	1.882526	1.048610	2513.313965
4198.399438	1.827360	1.048610	4435.696289
4198.400319	1.770820	1.048610	5995.789062
4198.401239	1.715251	1.048610	7573.820312
4198.402318	1.654193	1.048610	9358.694336
4198.403267	1.603195	1.048610	10880.125977
4198.404201	0.743774	1.048610	11574.811523
4198.405061	0.090945	1.048610	11653.024414
4198.406076	0.090557	1.048610	11744.939453
4198.406969	0.090542	1.048610	11825.792969
4198.407842	0.090586	1.048610	11904.874023
4198.408743	0.090524	1.048610	11986.435547
4198.409775	0.090553	1.048610	12079.885742
4198.410671	0.090568	1.048610	12161.034180
4198.411554	0.090604	1.048610	12241.038086
4198.412562	0.090582	1.048610	12332.344727
4198.413470	0.090553	1.048610	12414.566406
4199.471891	1.523148	0.943253	764.620361
4199.472884	1.881273	0.943253	2632.724609
4199.473784	1.831970	0.943253	4281.498047
4199.474766	1.770458	0.943253	6020.087402
4199.475822	1.707048	0.943253	7822.730469
4199.476738	1.654347	0.943253	9338.112305
4199.477604	1.605721	0.943253	10728.666992
4199.478726	0.595140	0.943253	11396.414062
4199.479693	0.090297	0.943253	11483.730469
4199.480564	0.090582	0.943253	11562.627930
4199.481656	0.090601	0.943253	11661.563477
4199.482674	0.090553	0.943253	11753.746094
4199.483560	0.090571	0.943253	11833.992187
4199.484468	0.090549	0.943253	11916.210937
4199.485542	0.090597	0.943253	12013.511719
4199.486484	0.090582	0.943253	12098.839844
4199.487345	0.090538	0.943253	12176.792969
4199.488379	0.090557	0.943253	12270.428711
4200.488237	1.557759	1.048783	824.054382
4200.489265	1.879307	1.048783	2755.981689
4200.490161	1.828129	1.048783	4393.984863
4200.491103	1.769436	1.048783	6060.793457
4200.492160	1.705855	1.048783	7863.881836
4200.493100	1.652476	1.048783	9417.208984
4200.493964	1.605154	1.048783	10804.061523
4200.495030	0.637024	1.048783	11483.128906
4200.496040	0.090480	1.048783	11574.513672
4200.496918	0.090564	1.048783	11654.029297
4200.497882	0.090597	1.048783	11741.364258
4200.498921	0.090656	1.048783	11835.555664
4200.499831	0.090586	1.048783	11917.989258
4200.500701	0.090509	1.048783	11996.732422
4200.501757	0.090656	1.048783	12092.464844
4200.502764	0.090538	1.048783	12183.636719
4200.503657	0.090553	1.048783	12264.500977
4200.504629	0.090674	1.048783	12352.635742
4201.563091	1.460599	0.947290	642.663696
4201.563956	1.885862	0.947290	2273.934082
4201.565044	1.832571	0.947290	4267.770996
4201.566047	1.768960	0.947290	6042.038086
4201.566920	1.715955	0.947290	7540.066406
4201.567900	1.659994	0.947290	9166.860352
4201.568955	1.603554	0.947290	10858.609375
4201.569869	0.759943	0.947290	11553.197266
4201.570740	0.091117	0.947290	11632.560547
4201.571836	0.090699	0.947290	11731.966797
4201.572818	0.090516	0.947290	11820.853516
4201.573685	0.090480	0.947290	11899.299805
4201.574743	0.090619	0.947290	11995.174805
4201.575791	0.090546	0.947290	12090.066406
4201.576681	0.090575	0.947290	12170.677734
4201.577606	0.090557	0.947290	12254.442383
4201.578672	0.090560	0.947290	12350.979492
4201.579618	0.090542	0.947290	12436.631836
4202.579917	1.452059	1.041923	631.645752
4202.580783	1.886488	1.041923	2265.344482
4202.581830	1.834827	1.041923	4186.408203
4202.582793	1.774039	1.041923	5894.808105
4202.583672	1.720862	1.041923	7407.445801
4202.584579	1.667216	1.041923	8919.610352
4202.585683	1.609973	1.041923	10697.020508
4202.586566	0.993831	1.041923	11574.573242
4202.587446	0.094779	1.041923	11657.978516
4202.588554	0.090634	1.041923	11758.400391
4202.589510	0.090527	1.041923	11844.944336
4202.590376	0.090538	1.041923	11923.350586
4202.591396	0.090597	1.041923	12015.759766
4202.592431	0.090524	1.041923	12109.452148
4202.593324	0.090513	1.041923	12190.280273
4202.594265	0.090590	1.041923	12275.525391
4202.595316	0.090538	1.041923	12370.681641
4202.596248	0.090520	1.041923	12455.045898
4203.653558	1.433170	0.964934	601.931458
4203.654588	1.882064	0.964934	2540.457520
4203.655633	1.825664	0.964934	4448.276367
4203.656531	1.768923	0.964934	6036.769531
4203.657485	1.712142	0.964934	7670.153320
4203.658549	1.651091	0.964934	9426.914062
4203.659487	1.601195	0.964934	10928.834961
4203.660367	0.751439	0.964934	11590.101562
4203.661428	0.090568	0.964934	11686.193359
4203.662438	0.090557	0.964934	11777.655273
4203.663329	0.090524	0.964934	11858.311523
4203.664307	0.090582	0.964934	11946.901367
4203.665356	0.090601	0.964934	12041.941406
4203.666270	0.090509	0.964934	12124.666992
4203.667131	0.090546	0.964934	12202.626953
4203.668210	0.090615	0.964934	12300.400391
4203.669196	0.090546	0.964934	12389.678711
4203.670082	0.090542	0.964934	12469.898437
4204.672956	1.437261	1.039534	607.961304
4204.673838	1.884748	1.039534	2270.309570
4204.674945	1.831161	1.039534	4297.404785
4204.675903	1.770970	1.039534	5993.994629
4204.676772	1.718159	1.039534	7487.075195
4204.677826	1.658177	1.039534	9234.793945
4204.678852	1.603151	1.039534	10879.626953
4204.679745	0.806737	1.039534	11600.042969
4204.680689	0.091718	1.039534	11686.624023
4204.681734	0.090575	1.039534	11781.274414
4204.682678	0.090542	1.039534	11866.746094
4204.683534	0.090498	1.039534	11944.212891
4204.684577	0.090648	1.039534	12038.758789
4204.685603	0.090461	1.039534	12131.572266
4204.686473	0.090458	1.039534	12210.270508
4204.687437	0.090601	1.039534	12297.609375
4204.688482	0.090520	1.039534	12392.203125
4204.689406	0.090615	1.039534	12475.931641
4205.743859	1.457058	0.954380	700.844910
4205.744922	1.879277	0.954380	2698.516602
4205.745873	1.825968	0.954380	4435.012207
4205.746797	1.768195	0.954380	6068.824219
4205.747672	1.714699	0.954380	7569.185547
4205.748717	1.656489	0.954380	9300.216797
4205.749592	1.607765	0.954380	10707.010742
4205.750481	0.970280	0.954380	11569.588867
4205.751375	0.094332	0.954380	11653.921875
4205.752377	0.090502	0.954380	11744.604492
4205.753304	0.090414	0.954380	11828.417969
4205.754184	0.090447	0.954380	11908.010742
4205.755180	0.090677	0.954380	11998.325195
4205.756092	0.090546	0.954380	12080.902344
4205.757015	0.090538	0.954380	12164.468750
4205.757879	0.090601	0.954380	12242.748047
4205.758926	0.090564	0.954380	12337.568359
4205.759809	0.090520	0.954380	12417.497070
4206.766779	1.447720	1.019449	613.833191
4206.767862	1.880574	1.019449	2650.494629
4206.768855	1.824965	1.019449	4462.684570
4206.769755	1.768561	1.019449	6054.389160
4206.770754	1.709286	1.019449	7761.965820
4206.771793	1.650172	1.019449	9476.494141
4206.772710	1.600470	1.019449	10944.125000
4206.773579	0.741244	1.019449	11588.265625
4206.774680	0.090505	1.019449	11687.912109
4206.775645	0.090513	1.019449	11775.256836
4206.776506	0.090480	1.019449	11853.160156
4206.777594	0.090615	1.019449	11951.750000
4206.778622	0.090549	1.019449	12044.834961
4206.779503	0.090527	1.019449	12124.589844
4206.780428	0.090641	1.019449	12208.432617
4206.781495	0.090641	1.019449	12305.146484
4206.782435	0.090498	1.019449	12390.214844
4206.783296	0.090546	1.019449	12468.174805
4207.831352	1.553950	0.985595	836.025208
4207.832289	1.882419	0.985595	2599.852051
4207.833170	1.833992	0.985595	4215.598633
4207.834108	1.774841	0.985595	5880.399902
4207.835177	1.710959	0.985595	7709.415527
4207.836081	1.658632	0.985595	9208.818359
4207.836950	1.611237	0.985595	10608.982422
4207.837994	0.827545	0.985595	11472.939453
4207.838947	0.090758	0.985595	11559.431641
4207.839829	0.090461	0.985595	11639.218750
4207.840758	0.090685	0.985595	11723.464844
4207.841805	0.090568	0.985595	11818.289062
4207.842683	0.090571	0.985595	11897.810547
4207.843557	0.090527	0.985595	11976.931641
4207.844650	0.090634	0.985595	12075.994141
4207.845606	0.090487	0.985595	12162.500000
4207.846465	0.090498	0.985595	12240.238281
4207.847497	0.090626	0.985595	12333.764648
4208.860960	1.527312	1.018156	781.983765
4208.861961	1.880219	1.018156	2664.082520
4208.862856	1.830711	1.018156	4302.568359
4208.863830	1.769703	1.018156	6026.259277
4208.864881	1.706799	1.018156	7820.105469
4208.865793	1.654438	1.018156	9328.953125
4208.866664	1.605491	1.018156	10727.335937
4208.867773	0.616600	1.018156	11411.145508
4208.868752	0.090403	1.018156	11499.649414
4208.869617	0.090535	1.018156	11577.961914
4208.870684	0.090601	1.018156	11674.632812
4208.871724	0.090597	1.018156	11768.853516
4208.872616	0.090553	1.018156	11849.626953
4208.873538	0.090487	1.018156	11933.055664
4208.874595	0.090538	1.018156	12028.754883
4208.875547	0.090604	1.018156	12115.009766
4208.876407	0.090677	1.018156	12192.992187
4208.877453	0.090641	1.018156	12287.802734
4209.919670	1.433423	0.992226	602.037598
4209.920726	1.881504	0.992226	2588.905762
4209.921743	1.825902	0.992226	4445.848145
4209.922637	1.769458	0.992226	6027.743652
4209.923599	1.712585	0.992226	7675.250977
4209.924657	1.651919	0.992226	9422.981445
4209.925580	1.601924	0.992226	10901.556641
4209.926454	0.790580	0.992226	11592.523437
4209.927523	0.090524	0.992226	11689.292969
4209.928516	0.090593	0.992226	11779.251953
4209.929400	0.090450	0.992226	11859.209961
4209.930387	0.090681	0.992226	11948.711914
4209.931428	0.090564	0.992226	12042.989258
4209.932334	0.090498	0.992226	12124.980469
4209.933190	0.090564	0.992226	12202.502930
4209.934271	0.090637	0.992226	12300.481445
4209.935263	0.090494	0.992226	12390.251953
4209.936153	0.090509	0.992226	12470.804687
4210.955831	1.511140	1.005914	784.281738
4210.956708	1.884184	1.005914	2436.711426
4210.957579	1.835014	1.005914	4035.008301
4210.958621	1.772586	1.005914	5882.042480
4210.959559	1.716742	1.005914	7492.346680
4210.960439	1.665626	1.005914	8958.097656
4210.961470	1.610614	1.005914	10618.640625
4210.962377	1.020842	1.005914	11544.544922
4210.963257	0.094523	1.005914	11627.724609
4210.964155	0.090458	1.005914	11708.956055
4210.965191	0.090494	1.005914	11802.708008
4210.966081	0.090465	1.005914	11883.221680
4210.966951	0.090498	1.005914	11961.955078
4210.967973	0.090549	1.005914	12054.496094
4210.968869	0.090439	1.005914	12135.530273
4210.969739	0.090524	1.005914	12214.286133
4210.970724	0.090652	1.005914	12303.578125
4210.971735	0.090432	1.005914	12395.004883
