crossing time (s)	slope (V/s)	crossing number
4102.041390	8.313661	1267
4103.117124	8.527355	1268
4104.130486	9.233052	1269
4105.207532	8.123509	1270
4106.222529	8.443895	1271
4107.300011	8.403033	1272
4108.321284	8.975090	1273
4109.390528	8.700550	1274
4110.413505	9.089615	1275
4111.476415	8.436145	1276
4112.508835	9.701507	1277
4113.570527	8.501372	1278
4114.595261	9.116655	1279
4115.658170	9.151220	1280
4116.691768	9.198902	1281
4117.749445	9.098070	1282
4118.777252	9.508526	1283
4119.845015	9.118057	1284
4120.874026	9.601175	1285
4121.928131	8.695730	1286
4122.962060	9.427857	1287
4124.034019	9.811107	1288
4125.051335	10.322876	1289
4126.121274	9.444771	1290
4127.145144	9.700404	1291
4128.219693	9.789470	1292
4129.236875	10.110949	1293
4130.302303	9.895871	1294
4131.329090	9.785787	1295
4132.393397	10.020664	1296
4133.425152	10.431879	1297
4134.480523	10.031818	1298
4135.519927	10.508351	1299
4136.565017	10.156563	1300
4137.617611	10.651738	1301
4138.658935	10.670884	1302
4139.704336	10.592993	1303
4140.752177	10.368283	1304
4141.796806	10.508673	1305
4142.842716	10.804544	1306
4143.882614	10.804349	1307
4144.932319	10.362973	1308
4145.981755	11.110258	1309
4147.031651	11.065646	1310
4148.067051	11.139435	1311
4149.126924	10.958733	1312
4150.155905	11.581659	1313
4151.214328	10.951356	1314
4152.248844	11.509783	1315
4153.306581	11.202030	1316
4154.340639	11.351131	1317
4155.396887	11.351481	1318
4156.434520	11.801852	1319
4157.491330	11.487906	1320
4158.531263	12.100522	1321
4159.576589	12.059323	1322
4160.618694	11.989211	1323
4161.667974	11.889640	1324
4162.714969	11.857667	1325
4163.759236	12.510318	1326
4164.804670	12.209097	1327
4165.854080	12.207454	1328
4166.897701	12.385391	1329
4167.942360	11.913522	1330
4168.980995	12.546573	1331
4170.035109	12.145377	1332
4171.073325	12.650359	1333
4172.131554	12.339064	1334
4173.163603	13.108866	1335
4174.225522	12.562425	1336
4175.250972	12.865112	1337
4176.313763	12.885391	1338
4177.344406	13.154454	1339
4178.414502	13.027261	1340
4179.433179	13.399402	1341
4180.503485	12.881242	1342
4181.526454	13.052099	1343
4182.594160	13.317813	1344
4183.620976	13.681156	1345
4184.684829	13.326513	1346
4185.709284	13.442595	1347
4186.776004	13.231454	1348
4187.804899	13.774526	1349
4188.867782	13.578595	1350
4189.894250	13.856185	1351
4190.958404	13.537016	1352
4191.987130	13.691915	1353
4193.050182	14.036968	1354
4194.076929	14.347099	1355
4195.142297	13.708809	1356
4196.168482	14.656418	1357
4197.236284	13.962843	1358
4198.258887	14.681078	1359
4199.327594	14.078915	1360
4200.348647	14.796125	1361
4201.420345	14.232820	1362
4202.439711	14.674121	1363
4203.507153	14.591056	1364
4204.535193	15.019066	1365
4205.598437	14.674845	1366
4206.627581	15.129106	1367
4207.685390	14.916734	1368
4208.718764	15.009204	1369
4209.774902	14.942785	1370
4210.812193	15.150638	1371
4211.865822	15.072762	1372
4212.907942	14.904056	1373
4213.956573	15.068845	1374
4215.000307	15.177614	1375
4216.046443	15.512526	1376
4217.085228	15.490707	1377
4218.129799	14.142234	1378
4219.181592	15.162903	1379
4220.225869	15.128281	1380
4221.275147	14.597573	1381
4222.318478	15.361933	1382
4223.352452	14.392225	1383
4224.411835	15.102013	1384
4225.451320	15.455687	1385
4226.500914	15.069207	1386
4227.545130	15.755979	1387
4228.592087	15.075089	1388
4229.630932	15.015737	1389
4230.680531	15.256600	1390
4231.715133	15.558795	1391
4232.774202	14.796551	1392
4233.815041	15.075337	1393
4234.861872	15.116432	1394
4235.902262	14.703177	1395
4236.949604	14.974712	1396
4237.996406	14.857836	1397
4239.043544	14.567417	1398
4240.085352	14.721936	1399
4241.134069	14.903970	1400
4242.176763	15.055195	1401
4243.223968	14.440087	1402
4244.261771	14.600301	1403
4245.322102	14.140007	1404
4246.354674	14.570518	1405
4247.409065	14.531975	1406
4248.444792	14.505531	1407
4249.502127	14.887532	1408
4250.534088	14.646743	1409
4251.597017	14.633516	1410
4252.618454	15.022628	1411
4253.685290	14.429375	1412
4254.709644	14.622890	1413
4255.775419	14.498419	1414
4256.799528	14.295884	1415
4257.870517	14.781213	1416
4258.889428	14.300727	1417
4259.961161	14.359858	1418
4260.978575	14.386852	1419
4262.048815	14.383248	1420
4263.070232	14.503483	1421
4264.143489	14.357016	1422
4265.158164	14.196338	1423
4266.227941	14.253584	1424
4267.252373	14.031630	1425
4268.322152	14.263009	1426
4269.345163	14.062365	1427
4270.412346	14.412121	1428
4271.435309	14.296896	1429
4272.502797	14.041912	1430
4273.522716	14.206440	1431
4274.593102	13.972199	1432
4275.616677	14.346254	1433
4276.683189	14.485141	1434
4277.706763	13.467120	1435
4278.770155	13.874841	1436
4279.799728	13.846054	1437
4280.859937	14.152179	1438
4281.876717	12.656140	1439
4282.951091	14.276754	1440
4283.980804	14.027462	1441
4285.034034	13.845207	1442
4286.074391	13.361095	1443
4287.125725	13.747969	1444
4288.167095	13.512018	1445
4289.211673	13.944129	1446
4290.258296	13.840731	1447
4291.304399	13.812599	1448
4292.351310	14.173607	1449
4293.395200	13.932086	1450
4294.439478	13.948672	1451
4295.482068	13.783497	1452
4296.530391	13.834529	1453
4297.578489	13.603665	1454
4298.621449	13.672082	1455
4299.668849	13.570858	1456
4300.718191	13.688837	1457
4301.758208	13.582773	1458
4302.799526	13.811588	1459
4303.850235	13.666700	1460
4304.895754	13.843875	1461
4305.937887	13.521347	1462
4306.983297	13.500554	1463
4308.029997	13.466260	1464
4309.074263	13.205437	1465
4310.122623	13.355815	1466
4311.166420	13.533451	1467
4312.210332	13.710346	1468
4313.253680	13.539206	1469
4314.295897	12.673941	1470
4315.349135	13.272939	1471
4316.386976	13.550494	1472
4317.440194	14.197545	1473
4318.482830	13.276813	1474
