time (s)	coil I (A)	last det (V)	int current (uC)
10635.343319	1.485381	0.007861	635.742981
10635.344290	1.903033	0.007861	2483.588623
10635.345363	1.846007	0.007861	4464.354004
10635.346298	1.785154	0.007861	6133.472656
10635.347163	1.729526	0.007861	7629.512695
10635.348250	1.666176	0.007861	9440.645508
10635.349253	1.609526	0.007861	11055.000000
10635.350152	0.697515	0.007861	11682.065430
10635.351146	0.090934	0.007861	11772.454102
10635.352186	0.090480	0.007861	11866.552734
10635.353088	0.090564	0.007861	11948.241211
10635.353945	0.090531	0.007861	12025.826172
10635.355029	0.090604	0.007861	12124.041016
10635.356011	0.090388	0.007861	12212.801758
10635.356889	0.090417	0.007861	12292.188477
10635.357886	0.090626	0.007861	12382.542969
10635.358942	0.090601	0.007861	12478.216797
10635.359823	0.090535	0.007861	12557.977539
10636.391970	1.548431	0.013493	797.442139
10636.392888	1.903967	0.013493	2545.284180
10636.393748	1.855741	0.013493	4141.221680
10636.394843	1.786776	0.013493	6097.741699
10636.395845	1.723630	0.013493	7824.819336
10636.396720	1.671720	0.013493	9287.574219
10636.397707	1.615851	0.013493	10882.418945
10636.398789	0.621357	0.013493	11554.727539
10636.399664	0.090476	0.013493	11633.894531
10636.400534	0.090480	0.013493	11712.612305
10636.401637	0.090652	0.013493	11812.601562
10636.402612	0.090447	0.013493	11900.787109
10636.403482	0.090557	0.013493	11979.571289
10636.404527	0.090648	0.013493	12074.298828
10636.405572	0.090531	0.013493	12168.903320
10636.406458	0.090472	0.013493	12249.061523
10636.407376	0.090564	0.013493	12332.199219
10636.408432	0.090677	0.013493	12427.955078
10637.434294	1.443523	0.012192	609.166687
10637.435306	1.903359	0.012192	2535.366455
10637.436223	1.853408	0.012192	4234.941895
10637.437145	1.794269	0.012192	5889.257812
10637.438011	1.737209	0.012192	7393.681152
10637.439051	1.677426	0.012192	9138.204102
10637.439932	1.626833	0.012192	10571.444336
10637.440802	1.253796	0.012192	11662.247070
10637.441810	0.110900	0.012192	11774.034180
10637.442731	0.090498	0.012192	11857.382812
10637.443595	0.090516	0.012192	11935.588867
10637.444542	0.090637	0.012192	12021.421875
10637.445571	0.090524	0.012192	12114.570312
10637.446461	0.090513	0.012192	12195.126953
10637.447323	0.090527	0.012192	12273.161133
10637.448370	0.090615	0.012192	12368.035156
10637.449319	0.090597	0.012192	12454.011719
10637.450191	0.090564	0.012192	12532.983398
10638.482886	1.451605	0.012067	628.545044
10638.483755	1.907816	0.012067	2286.437256
10638.484615	1.865167	0.012067	3890.480957
10638.485585	1.802091	0.012067	5638.509277
10638.486509	1.743863	0.012067	7249.838867
10638.487401	1.690280	0.012067	8757.568359
10638.488375	1.634912	0.012067	10349.972656
10638.489323	1.303118	0.012067	11585.328125
10638.490246	0.115887	0.012067	11692.291992
10638.491107	0.090396	0.012067	11770.122070
10638.492131	0.090560	0.012067	11862.855469
10638.493013	0.090520	0.012067	11942.694336
10638.493880	0.090557	0.012067	12021.207031
10638.494829	0.090645	0.012067	12107.228516
10638.495808	0.090505	0.012067	12195.833008
10638.496674	0.090535	0.012067	12274.236328
10638.497576	0.090593	0.012067	12355.951172
10638.498658	0.090546	0.012067	12453.921875
10639.525364	1.520200	0.008586	731.216309
10639.526244	1.906432	0.008586	2408.876465
10639.527202	1.855920	0.008586	4186.848145
10639.528257	1.787681	0.008586	6072.851074
10639.529196	1.728896	0.008586	7696.285156
10639.530064	1.675704	0.008586	9150.796875
10639.531137	1.616052	0.008586	10884.821289
10639.532135	0.715613	0.008586	11599.002930
10639.533029	0.090872	0.008586	11680.242187
10639.534002	0.090520	0.008586	11768.318359
10639.535057	0.090557	0.008586	11863.855469
10639.535960	0.090461	0.008586	11945.541992
10639.536816	0.090520	0.008586	12023.027344
10639.537884	0.090667	0.008586	12119.859375
10639.538883	0.090498	0.008586	12210.266602
10639.539756	0.090531	0.008586	12289.299805
10639.540748	0.090670	0.008586	12379.244141
10639.541801	0.090586	0.008586	12474.630859
10640.573883	1.445284	0.012764	612.800598
10640.574898	1.902070	0.012764	2543.401855
10640.575814	1.853412	0.012764	4241.126953
10640.576742	1.794141	0.012764	5906.089355
10640.577604	1.737177	0.012764	7403.535645
10640.578637	1.676766	0.012764	9135.634766
10640.579532	1.625713	0.012764	10590.647461
10640.580404	1.188204	0.012764	11626.761719
10640.581467	0.095468	0.012764	11728.244141
10640.582394	0.090516	0.012764	11812.152344
10640.583272	0.090458	0.012764	11891.574219
10640.584236	0.090564	0.012764	11978.877930
10640.585259	0.090498	0.012764	12071.457031
10640.586150	0.090480	0.012764	12152.074219
10640.587010	0.090498	0.012764	12229.902344
10640.588057	0.090630	0.012764	12324.791992
10640.588990	0.090505	0.012764	12409.233398
10640.589864	0.090557	0.012764	12488.379883
10641.616317	1.452781	0.012586	621.790161
10641.617330	1.901550	0.012586	2548.060547
10641.618389	1.845194	0.012586	4502.121094
10641.619279	1.786077	0.012586	6091.729492
10641.620213	1.727988	0.012586	7705.670410
10641.621290	1.663945	0.012586	9497.739258
10641.622238	1.610801	0.012586	11024.778320
10641.623118	0.756888	0.012586	11690.839844
10641.624167	0.090608	0.012586	11785.887695
10641.625185	0.090542	0.012586	11878.059570
10641.626078	0.090619	0.012586	11958.982422
10641.627023	0.090582	0.012586	12044.583008
10641.628060	0.090634	0.012586	12138.570312
10641.628989	0.090579	0.012586	12222.717773
10641.629847	0.090527	0.012586	12300.390625
10641.630906	0.090652	0.012586	12396.390625
10641.631917	0.090553	0.012586	12487.939453
10641.632792	0.090542	0.012586	12567.164062
10642.664961	1.516611	0.008659	746.172791
10642.665841	1.905930	0.008659	2423.391357
10642.666771	1.856294	0.008659	4149.744629
10642.667839	1.787585	0.008659	6058.885742
10642.668781	1.728446	0.008659	7687.082031
10642.669643	1.676620	0.008659	9132.328125
10642.670703	1.617026	0.008659	10846.375977
10642.671733	0.700939	0.008659	11568.342773
10642.672607	0.090912	0.008659	11647.799805
10642.673554	0.090637	0.008659	11733.632812
10642.674601	0.090652	0.008659	11828.544922
10642.675526	0.090564	0.008659	11912.316406
10642.676383	0.090593	0.008659	11989.955078
10642.677419	0.090681	0.008659	12083.900391
10642.678428	0.090535	0.008659	12175.250000
10642.679319	0.090535	0.008659	12255.916016
10642.680278	0.090747	0.008659	12342.942383
10642.681334	0.090608	0.008659	12438.624023
10643.707316	1.451931	0.012385	606.907227
10643.708379	1.901668	0.012385	2628.379883
10643.709263	1.852397	0.012385	4265.899414
10643.710146	1.795247	0.012385	5851.102051
10643.711124	1.734141	0.012385	7547.091309
10643.712068	1.676935	0.012385	9130.118164
10643.712984	1.625336	0.012385	10618.925781
10643.713862	1.182960	0.012385	11657.564453
10643.714900	0.094753	0.012385	11755.918945
10643.715794	0.090472	0.012385	11836.801758
10643.716657	0.090579	0.012385	11914.970703
10643.717724	0.090681	0.012385	12011.727539
10643.718667	0.090575	0.012385	12097.139648
10643.719540	0.090564	0.012385	12176.202148
10643.720465	0.090656	0.012385	12260.058594
10643.721529	0.090531	0.012385	12356.383789
10643.722400	0.090505	0.012385	12435.213867
10643.723265	0.090549	0.012385	12513.539062
10644.757046	1.574187	0.006657	843.764160
10644.758094	1.896731	0.006657	2831.538086
10644.758983	1.845667	0.006657	4472.335449
10644.759924	1.784044	0.006657	6151.121094
10644.760999	1.717013	0.006657	7996.910156
10644.761946	1.661320	0.006657	9570.179687
10644.762871	1.609691	0.006657	11059.144531
10644.763746	0.732561	0.006657	11700.135742
10644.764774	0.090436	0.006657	11793.103516
10644.765653	0.090454	0.006657	11872.612305
10644.766528	0.090494	0.006657	11951.794922
10644.767461	0.090612	0.006657	12036.335937
10644.768472	0.090516	0.006657	12127.847656
10644.769369	0.090582	0.006657	12209.099609
10644.770253	0.090571	0.006657	12289.165039
10644.771240	0.090634	0.006657	12378.620117
10644.772154	0.090472	0.006657	12461.311523
10644.773073	0.090593	0.006657	12544.566406
10645.799355	1.446907	0.015575	612.041565
10645.800415	1.900250	0.015575	2626.306885
10645.801442	1.844235	0.015575	4520.335937
10645.802324	1.785897	0.015575	6095.497070
10645.803300	1.726099	0.015575	7780.169434
10645.804362	1.662982	0.015575	9546.256836
10645.805271	1.610988	0.015575	11010.644531
10645.806145	0.776583	0.015575	11689.377930
10645.807191	0.090597	0.015575	11784.142578
10645.808188	0.090461	0.015575	11874.333008
10645.809074	0.090608	0.015575	11954.611328
10645.810037	0.090571	0.015575	12041.831055
10645.811086	0.090524	0.015575	12136.790039
10645.811999	0.090538	0.015575	12219.451172
10645.812860	0.090590	0.015575	12297.449219
10645.813954	0.090710	0.015575	12396.686523
10645.814940	0.090593	0.015575	12486.011719
10645.815835	0.090571	0.015575	12567.073242
10646.846905	1.447943	0.012599	611.031982
10646.847932	1.902499	0.012599	2564.898193
10646.848832	1.853742	0.012599	4233.265625
10646.849710	1.796426	0.012599	5810.527344
10646.850643	1.737689	0.012599	7431.791504
10646.851638	1.678363	0.012599	9101.762695
10646.852569	1.625563	0.012599	10615.161133
10646.853434	1.216787	0.012599	11667.681641
10646.854469	0.099163	0.012599	11770.314453
10646.855349	0.090476	0.012599	11849.933594
10646.856210	0.090579	0.012599	11927.921875
10646.857079	0.090546	0.012599	12006.606445
10646.858140	0.090502	0.012599	12102.628906
10646.859042	0.090520	0.012599	12184.278320
10646.859919	0.090630	0.012599	12263.760742
10646.860898	0.090601	0.012599	12352.458984
10646.861834	0.090586	0.012599	12437.247070
10646.862714	0.090509	0.012599	12516.894531
10647.890462	1.537811	0.014480	781.208130
10647.891429	1.901034	0.014480	2619.508057
10647.892303	1.853350	0.014480	4239.335937
10647.893322	1.787948	0.014480	6061.254883
10647.894377	1.722396	0.014480	7878.382812
10647.895261	1.668735	0.014480	9353.544922
10647.896148	1.616638	0.014480	10787.502930
10647.897262	0.663274	0.014480	11526.389648
10647.898215	0.090399	0.014480	11612.540039
10647.899073	0.090505	0.014480	11690.193359
10647.900095	0.090667	0.014480	11782.854492
10647.901122	0.090645	0.014480	11875.946289
10647.902004	0.090494	0.014480	11955.762695
10647.902918	0.090582	0.014480	12038.554687
10647.903983	0.090707	0.014480	12135.157227
10647.904914	0.090483	0.014480	12219.397461
10647.905785	0.090557	0.014480	12298.272461
10647.906842	0.090597	0.014480	12394.033203
10648.937941	1.498044	0.013509	671.123901
10648.938824	1.906428	0.013509	2354.500000
10648.939820	1.855067	0.013509	4202.146973
10648.940882	1.786630	0.013509	6099.547852
10648.941780	1.729589	0.013509	7652.718262
10648.942653	1.675159	0.013509	9115.131836
10648.943781	1.613650	0.013509	10935.329102
10648.944752	0.717751	0.013509	11632.265625
10648.945620	0.090857	0.013509	11711.129883
10648.946653	0.090674	0.013509	11804.795898
10648.947674	0.090615	0.013509	11897.314453
10648.948564	0.090619	0.013509	11977.964844
10648.949467	0.090681	0.013509	12059.849609
10648.950523	0.090582	0.013509	12155.504883
10648.951466	0.090626	0.013509	12240.965820
10648.952330	0.090557	0.013509	12319.207031
10648.953359	0.090590	0.013509	12412.423828
10648.954388	0.090593	0.013509	12505.644531
10649.981394	1.470384	0.010621	652.850708
10649.982268	1.906630	0.010621	2319.245117
10649.983224	1.858147	0.010621	4095.633789
10649.984263	1.791738	0.010621	5957.250000
10649.985147	1.735389	0.010621	7491.333984
10649.986008	1.682732	0.010621	8940.166016
10649.987043	1.623988	0.010621	10620.994141
10649.988003	1.048506	0.010621	11627.559570
10649.988880	0.095929	0.010621	11711.689453
10649.989792	0.090447	0.010621	11794.176758
10649.990874	0.090535	0.010621	11892.135742
10649.991766	0.090637	0.010621	11972.984375
10649.992631	0.090516	0.010621	12051.281250
10649.993686	0.090637	0.010621	12146.903320
10649.994643	0.090439	0.010621	12233.454102
10649.995507	0.090524	0.010621	12311.666992
10649.996537	0.090612	0.010621	12404.997070
10649.997576	0.090494	0.010621	12499.020508
10651.029946	1.465389	0.011169	621.325073
10651.031001	1.900631	0.011169	2626.490723
10651.031901	1.851310	0.011169	4292.669922
10651.032781	1.794126	0.011169	5871.500977
10651.033764	1.733068	0.011169	7575.106445
10651.034703	1.676407	0.011169	9149.252930
10651.035582	1.626237	0.011169	10578.714844
10651.036539	1.071658	0.011169	11604.291016
10651.037573	0.092644	0.011169	11700.084961
10651.038448	0.090476	0.011169	11779.251953
10651.039305	0.090542	0.011169	11856.846680
10651.040376	0.090641	0.011169	11953.922852
10651.041313	0.090527	0.011169	12038.747070
10651.042180	0.090542	0.011169	12117.247070
10651.043124	0.090579	0.011169	12202.752930
10651.044172	0.090634	0.011169	12297.737305
10651.045046	0.090527	0.011169	12376.858398
10651.045916	0.090480	0.011169	12455.576172
10652.072406	1.465052	0.014701	660.738647
10652.073498	1.897606	0.014701	2732.924805
10652.074468	1.843465	0.014701	4521.086426
10652.075337	1.785912	0.014701	6073.043945
10652.076382	1.721554	0.014701	7872.067871
10652.077408	1.660957	0.014701	9576.209961
10652.078297	1.610720	0.014701	11008.140625
10652.079262	0.698291	0.014701	11681.991211
10652.080315	0.090381	0.014701	11777.162109
10652.081241	0.090458	0.014701	11860.925781
10652.082098	0.090619	0.014701	11938.585937
10652.083145	0.090623	0.014701	12033.467773
10652.084165	0.090560	0.014701	12125.838867
10652.085034	0.090549	0.014701	12204.526367
10652.086001	0.090597	0.014701	12292.133789
10652.087049	0.090604	0.014701	12387.086914
10652.087961	0.090575	0.014701	12469.691406
10652.088828	0.090586	0.014701	12548.229492
10653.120976	1.459541	0.019237	636.359863
10653.121845	1.906388	0.019237	2293.011230
10653.122711	1.863574	0.019237	3906.866455
10653.123766	1.796503	0.019237	5802.176758
10653.124687	1.737967	0.019237	7402.844727
10653.125556	1.685358	0.019237	8867.420898
10653.126621	1.624611	0.019237	10597.630859
10653.127601	1.039808	0.019237	11616.642578
10653.128475	0.095160	0.019237	11699.812500
10653.129336	0.090527	0.019237	11777.756836
10653.130447	0.090608	0.019237	11878.421875
10653.131332	0.090535	0.019237	11958.544922
10653.132198	0.090553	0.019237	12036.963867
10653.133200	0.090619	0.019237	12127.763672
10653.134188	0.090480	0.019237	12217.157227
10653.135071	0.090568	0.019237	12297.128906
10653.135926	0.090615	0.019237	12374.604492
10653.136990	0.090608	0.019237	12471.011719
10654.163473	1.533713	0.011193	776.058960
10654.164396	1.903070	0.011193	2532.592773
10654.165264	1.855038	0.011193	4142.765625
10654.166339	1.786758	0.011193	6063.530273
10654.167335	1.724000	0.011193	7780.634766
10654.168230	1.670900	0.011193	9276.089844
10654.169226	1.615950	0.011193	10885.576172
10654.170280	0.644019	0.011193	11564.372070
10654.171180	0.090337	0.011193	11645.675781
10654.172037	0.090476	0.011193	11723.213867
10654.173137	0.090623	0.011193	11822.898437
10654.174125	0.090542	0.011193	11912.353516
10654.175001	0.090513	0.011193	11991.642578
10654.175998	0.090597	0.011193	12081.967773
10654.177025	0.090546	0.011193	12174.958008
10654.177903	0.090568	0.011193	12254.476562
10654.178771	0.090575	0.011193	12333.095703
10654.179881	0.090663	0.011193	12433.731445
10655.213084	1.535186	0.006157	775.268738
10655.214064	1.900723	0.006157	2637.976807
10655.214933	1.852749	0.006157	4248.015625
10655.215996	1.783942	0.006157	6144.345703
10655.217036	1.719507	0.006157	7932.632812
10655.217921	1.666644	0.006157	9407.613281
10655.218789	1.617030	0.006157	10811.195312
10655.219727	0.879976	0.006157	11636.612305
10655.220721	0.090619	0.006157	11726.687500
10655.221626	0.090374	0.006157	11808.475586
10655.222509	0.090436	0.006157	11888.330078
10655.223500	0.090582	0.006157	11978.096680
10655.224430	0.090524	0.006157	12062.284180
10655.225351	0.090443	0.006157	12145.582031
10655.226216	0.090425	0.006157	12223.799805
10655.227253	0.090447	0.006157	12317.592773
10655.228136	0.090399	0.006157	12397.415039
10655.229003	0.090480	0.006157	12475.861328
10656.252476	1.577600	0.006234	877.145691
10656.253538	1.894933	0.006234	2889.564453
10656.254432	1.842997	0.006234	4537.203613
10656.255322	1.782964	0.006234	6124.041504
10656.256423	1.716204	0.006234	8013.581543
10656.257379	1.660192	0.006234	9600.724609
10656.258306	1.608461	0.006234	11091.767578
10656.259182	0.702638	0.006234	11707.278320
10656.260227	0.090494	0.006234	11801.844727
10656.261117	0.090399	0.006234	11882.299805
10656.261990	0.090513	0.006234	11961.317383
10656.262879	0.090648	0.006234	12041.903320
10656.263919	0.090593	0.006234	12136.120117
10656.264802	0.090498	0.006234	12216.030273
10656.265680	0.090535	0.006234	12295.519531
10656.266663	0.090604	0.006234	12384.583984
10656.267586	0.090483	0.006234	12468.100586
10656.268509	0.090575	0.006234	12551.701172
10657.304016	1.470769	0.010250	651.550659
10657.304886	1.906088	0.010250	2309.846924
10657.305750	1.862717	0.010250	3919.234619
10657.306780	1.797191	0.010250	5770.341797
10657.307686	1.739700	0.010250	7346.509766
10657.308565	1.686782	0.010250	8829.191406
10657.309483	1.633561	0.010250	10328.799805
10657.310498	1.202505	0.010250	11549.341797
10657.311432	0.102312	0.010250	11644.901367
10657.312311	0.090322	0.010250	11724.294922
10657.313312	0.090582	0.010250	11814.967773
10657.314211	0.090502	0.010250	11896.329102
10657.315133	0.090469	0.010250	11979.741211
10657.315993	0.090601	0.010250	12057.658203
10657.317029	0.090505	0.010250	12151.421875
10657.317902	0.090513	0.010250	12230.439453
10657.318776	0.090505	0.010250	12309.541016
10657.319754	0.090604	0.010250	12398.152344
10658.343417	1.507291	0.014645	729.528931
10658.344297	1.904963	0.014645	2405.896729
10658.345233	1.855928	0.014645	4143.044922
10658.346296	1.787062	0.014645	6042.691406
10658.347247	1.727479	0.014645	7685.524414
10658.348113	1.675151	0.014645	9136.205078
10658.349169	1.616089	0.014645	10842.794922
10658.350181	0.723267	0.014645	11574.740234
10658.351060	0.090831	0.014645	11654.581055
10658.352040	0.090461	0.014645	11743.233398
10658.353089	0.090527	0.014645	11838.196289
10658.354007	0.090513	0.014645	11921.287109
10658.354865	0.090491	0.014645	11998.927734
10658.355942	0.090549	0.014645	12096.449219
10658.356937	0.090425	0.014645	12186.421875
10658.357810	0.090531	0.014645	12265.455078
10658.358779	0.090568	0.014645	12353.214844
10658.359830	0.090549	0.014645	12448.381836
10659.397069	1.466591	0.015112	642.366699
10659.397933	1.906099	0.015112	2289.235840
10659.398985	1.852712	0.015112	4238.289062
10659.400022	1.785923	0.015112	6090.291016
10659.400909	1.729735	0.015112	7624.565918
10659.401867	1.673262	0.015112	9227.550781
10659.402923	1.613339	0.015112	10931.236328
10659.403861	0.762803	0.015112	11646.745117
10659.404717	0.091208	0.015112	11724.819336
10659.405753	0.090575	0.015112	11818.655273
10659.406758	0.090513	0.015112	11909.620117
10659.407642	0.090480	0.015112	11989.604492
10659.408609	0.090590	0.015112	12077.205078
10659.409655	0.090491	0.015112	12171.858398
10659.410572	0.090502	0.015112	12254.848633
10659.411438	0.090542	0.015112	12333.257812
10659.412504	0.090630	0.015112	12429.869141
10659.413499	0.090491	0.015112	12519.907227
10660.433378	1.506310	0.017098	692.902527
10660.434260	1.905560	0.017098	2373.606689
10660.435247	1.854470	0.017098	4203.968750
10660.436310	1.785670	0.017098	6102.136230
10660.437223	1.727926	0.017098	7679.732422
10660.438091	1.674368	0.017098	9133.083984
10660.439175	1.614683	0.017098	10883.400391
10660.440167	0.712789	0.017098	11590.487305
10660.441060	0.090817	0.017098	11671.586914
10660.442066	0.090491	0.017098	11762.620117
10660.443099	0.090546	0.017098	11856.153320
10660.443984	0.090454	0.017098	11936.205078
10660.444843	0.090432	0.017098	12013.886719
10660.445942	0.090535	0.017098	12113.384766
10660.446891	0.090443	0.017098	12199.214844
10660.447747	0.090502	0.017098	12276.684570
10660.448809	0.090531	0.017098	12372.828125
10660.449847	0.090549	0.017098	12466.818359
10661.489165	1.523793	0.006999	772.562927
10661.490126	1.901396	0.006999	2599.804932
10661.490992	1.853891	0.006999	4205.274902
10661.492045	1.785758	0.006999	6085.678223
10661.493075	1.721741	0.006999	7859.071289
10661.493962	1.668908	0.006999	9339.392578
10661.494885	1.616558	0.006999	10831.475586
10661.495941	0.711811	0.006999	11583.148437
10661.496883	0.090450	0.006999	11668.352539
10661.497744	0.090396	0.006999	11746.182617
10661.498790	0.090494	0.006999	11840.839844
10661.499819	0.090483	0.006999	11933.947266
10661.500700	0.090571	0.006999	12013.740234
10661.501640	0.090626	0.006999	12098.928711
10661.502700	0.090597	0.006999	12194.961914
10661.503630	0.090465	0.006999	12279.094727
10661.504500	0.090465	0.006999	12357.799805
10661.505536	0.090546	0.006999	12451.605469
10662.522390	1.530092	0.010274	774.226318
10662.523349	1.901041	0.010274	2597.324707
10662.524261	1.851042	0.010274	4285.475586
10662.525143	1.793082	0.010274	5866.974121
10662.526033	1.735327	0.010274	7411.415039
10662.527043	1.676459	0.010274	9104.638672
10662.527967	1.624387	0.010274	10605.572266
10662.528837	1.168568	0.010274	11622.226562
10662.529854	0.094548	0.010274	11718.381836
10662.530735	0.090417	0.010274	11798.040039
10662.531603	0.090447	0.010274	11876.547852
10662.532599	0.090634	0.010274	11966.819336
10662.533523	0.090516	0.010274	12050.456055
10662.534411	0.090458	0.010274	12130.782227
10662.535281	0.090527	0.010274	12209.541016
10662.536297	0.090487	0.010274	12301.475586
10662.537191	0.090513	0.010274	12382.393555
10662.538062	0.090432	0.010274	12461.160156
10663.581126	1.458706	0.017948	633.078491
10663.581994	1.904751	0.017948	2286.402344
10663.583043	1.852808	0.017948	4229.997559
10663.583937	1.794294	0.017948	5834.096680
10663.584813	1.739073	0.017948	7357.524902
10663.585809	1.680696	0.017948	9031.498047
10663.586752	1.625856	0.017948	10564.679687
10663.587639	1.225554	0.017948	11651.746094
10663.588603	0.110592	0.017948	11758.356445
10663.589634	0.090403	0.017948	11851.561523
10663.590509	0.090469	0.017948	11930.721680
10663.591372	0.090505	0.017948	12008.828125
10663.592392	0.090557	0.017948	12101.196289
10663.593333	0.090458	0.017948	12186.317383
10663.594210	0.090531	0.017948	12265.712891
10663.595143	0.090491	0.017948	12350.140625
10663.596204	0.090513	0.017948	12446.174805
10663.597092	0.090428	0.017948	12526.475586
10664.613322	1.460885	0.015430	638.406738
10664.614183	1.905406	0.015430	2278.961670
10664.615229	1.852236	0.015430	4216.400879
10664.616251	1.786285	0.015430	6041.984375
10664.617147	1.730585	0.015430	7592.587891
10664.618114	1.673071	0.015430	9210.447266
10664.619180	1.612929	0.015430	10929.829102
10664.620109	0.764725	0.015430	11640.258789
10664.620975	0.091256	0.015430	11719.286133
10664.622043	0.090531	0.015430	11815.973633
10664.623025	0.090465	0.015430	11904.810547
10664.623913	0.090542	0.015430	11985.211914
10664.624885	0.090560	0.015430	12073.236328
10664.625939	0.090586	0.015430	12168.713867
10664.626840	0.090597	0.015430	12250.341797
10664.627702	0.090645	0.015430	12328.477539
10664.628790	0.090751	0.015430	12427.213867
10664.629761	0.090553	0.015430	12515.140625
10665.671159	1.477877	0.014012	715.292603
10665.672236	1.896156	0.014012	2757.452637
10665.673182	1.842865	0.014012	4500.802734
10665.674052	1.785333	0.014012	6054.042969
10665.675111	1.719613	0.014012	7875.113281
10665.676135	1.659598	0.014012	9574.541992
10665.677025	1.609611	0.014012	11007.095703
10665.677989	0.669269	0.014012	11652.270508
10665.679049	0.090502	0.014012	11748.202148
10665.679972	0.090571	0.014012	11831.799805
10665.680836	0.090564	0.014012	11910.046875
10665.681916	0.090670	0.014012	12007.970703
10665.682903	0.090505	0.014012	12097.299805
10665.683787	0.090593	0.014012	12177.383789
10665.684776	0.090674	0.014012	12267.060547
10665.685808	0.090619	0.014012	12360.579102
10665.686711	0.090560	0.014012	12442.355469
10665.687572	0.090597	0.014012	12520.359375
10666.706392	1.474329	0.010903	650.178955
10666.707267	1.905527	0.010903	2317.515381
10666.708128	1.862087	0.010903	3920.772705
10666.709175	1.796140	0.010903	5801.331543
10666.710074	1.738440	0.010903	7364.188965
10666.710950	1.685889	0.010903	8841.027344
10666.711863	1.632715	0.010903	10331.696289
10666.712873	1.201930	0.010903	11545.645508
10666.713796	0.104030	0.010903	11641.665039
10666.714659	0.090472	0.010903	11719.743164
10666.715757	0.090645	0.010903	11819.270508
10666.716654	0.090542	0.010903	11900.486328
10666.717527	0.090590	0.010903	11979.571289
10666.718530	0.090582	0.010903	12070.425781
10666.719525	0.090593	0.010903	12160.566406
10666.720414	0.090571	0.010903	12241.083984
10666.721272	0.090560	0.010903	12318.785156
10666.722364	0.090582	0.010903	12417.701172
10667.763143	1.467557	0.016744	639.855042
10667.764013	1.903872	0.016744	2296.223633
10667.765116	1.848772	0.016744	4335.418945
10667.766106	1.784125	0.016744	6101.702148
10667.766999	1.728585	0.016744	7645.328613
10667.767989	1.670222	0.016744	9298.848633
10667.769042	1.611511	0.016744	10995.769531
10667.769944	0.750802	0.016744	11672.993164
10667.770816	0.090952	0.016744	11752.303711
10667.771702	0.090549	0.016744	11832.530273
10667.772732	0.090491	0.016744	11925.735352
10667.773618	0.090509	0.016744	12005.926758
10667.774487	0.090579	0.016744	12084.639648
10667.775492	0.090645	0.016744	12175.737305
10667.776408	0.090498	0.016744	12258.633789
10667.777309	0.090568	0.016744	12340.235352
10667.778185	0.090601	0.016744	12419.601562
10667.779193	0.090575	0.016744	12510.901367
10668.795458	1.574663	0.016643	881.811279
10668.796369	1.900042	0.016643	2612.749023
10668.797298	1.849973	0.016643	4331.374023
10668.798167	1.790812	0.016643	5887.589355
10668.799221	1.727304	0.016643	7708.166992
10668.800102	1.673877	0.016643	9182.852539
10668.800980	1.624413	0.016643	10609.086914
10668.801955	1.023669	0.016643	11607.165039
10668.802890	0.093523	0.016643	11694.609375
10668.803798	0.090502	0.016643	11776.785156
10668.804670	0.090436	0.016643	11855.645508
10668.805701	0.090593	0.016643	11949.046875
10668.806589	0.090549	0.016643	12029.455078
10668.807452	0.090520	0.016643	12107.574219
10668.808492	0.090677	0.016643	12201.878906
10668.809445	0.090483	0.016643	12288.109375
10668.810320	0.090557	0.016643	12367.346680
10668.811216	0.090608	0.016643	12448.531250
10669.854138	1.445072	0.017831	609.820435
10669.855143	1.900356	0.017831	2519.678711
10669.856087	1.851508	0.017831	4267.501953
10669.856989	1.792244	0.017831	5884.105469
10669.857873	1.736100	0.017831	7418.817871
10669.858905	1.675225	0.017831	9147.649414
10669.859807	1.623607	0.017831	10612.142578
10669.860676	1.196891	0.017831	11652.240234
10669.861730	0.095526	0.017831	11752.924805
10669.862672	0.090494	0.017831	11838.170898
10669.863554	0.090513	0.017831	11918.002930
10669.864474	0.090593	0.017831	12001.348633
10669.865528	0.090568	0.017831	12096.806641
10669.866404	0.090520	0.017831	12176.102539
10669.867264	0.090549	0.017831	12253.974609
10669.868291	0.090630	0.017831	12347.051758
10669.869262	0.090531	0.017831	12434.957031
10669.870123	0.090546	0.017831	12512.916992
10670.886352	1.478522	0.011148	638.721375
10670.887277	1.902587	0.011148	2398.614258
10670.888350	1.847153	0.011148	4380.609863
10670.889291	1.785949	0.011148	6061.187500
10670.890154	1.731152	0.011148	7555.171875
10670.891189	1.670226	0.011148	9283.855469
10670.892218	1.612683	0.011148	10943.306641
10670.893110	0.817844	0.011148	11672.823242
10670.894068	0.091794	0.011148	11760.762695
10670.895116	0.090483	0.011148	11855.588867
10670.896048	0.090579	0.011148	11940.007812
10670.896904	0.090601	0.011148	12017.561523
10670.897932	0.090696	0.011148	12110.796875
10670.898950	0.090454	0.011148	12202.878906
10670.899841	0.090498	0.011148	12283.512695
10670.900802	0.090612	0.011148	12370.590820
10670.901852	0.090615	0.011148	12465.736328
10670.902772	0.090491	0.011148	12548.988281
10671.948305	1.527766	0.014818	756.244202
10671.949240	1.902374	0.014818	2534.964355
10671.950104	1.854580	0.014818	4137.321289
10671.951177	1.786604	0.014818	6054.347656
10671.952196	1.722825	0.014818	7809.906250
10671.953074	1.670350	0.014818	9276.473633
10671.954053	1.616221	0.014818	10858.753906
10671.955112	0.673469	0.014818	11571.958008
10671.956014	0.090546	0.014818	11653.629883
10671.956881	0.090516	0.014818	11732.107422
10671.957940	0.090634	0.014818	11828.087891
10671.958947	0.090502	0.014818	11919.222656
10671.959842	0.090498	0.014818	12000.218750
10671.960822	0.090743	0.014818	12089.147461
10671.961877	0.090612	0.014818	12184.742187
10671.962788	0.090491	0.014818	12267.179687
10671.963650	0.090696	0.014818	12345.359375
10671.964752	0.090696	0.014818	12445.306641
10672.975350	1.521720	0.016889	728.903870
10672.976232	1.904275	0.016889	2408.474365
10672.977104	1.859290	0.016889	4029.774902
10672.978084	1.797667	0.016889	5791.488770
10672.979068	1.734950	0.016889	7498.679687
10672.979959	1.681102	0.016889	8996.541992
10672.980898	1.627504	0.016889	10524.767578
10672.981954	1.035725	0.016889	11618.493164
10672.982830	0.095625	0.016889	11702.260742
10672.983693	0.090396	0.016889	11780.272461
10672.984721	0.090659	0.016889	11873.469727
10672.985681	0.090527	0.016889	11960.375977
10672.986551	0.090513	0.016889	12039.122070
10672.987442	0.090579	0.016889	12119.827148
10672.988525	0.090593	0.016889	12217.939453
10672.989415	0.090542	0.016889	12298.521484
10672.990276	0.090535	0.016889	12376.471680
10672.991351	0.090538	0.016889	12473.800781
10674.038312	1.551277	0.013328	805.112732
10674.039213	1.902510	0.013328	2519.274170
10674.040083	1.855836	0.013328	4133.851562
10674.041112	1.790182	0.013328	5975.948730
10674.042117	1.726080	0.013328	7710.659180
10674.043001	1.673668	0.013328	9190.181641
10674.044012	1.617488	0.013328	10825.461914
10674.045070	0.710577	0.013328	11577.252930
10674.045939	0.090623	0.013328	11656.003906
10674.046818	0.090608	0.013328	11735.648437
10674.047936	0.090619	0.013328	11836.959961
10674.048897	0.090615	0.013328	11924.041016
10674.049765	0.090619	0.013328	12002.698242
10674.050783	0.090615	0.013328	12094.944336
10674.051822	0.090582	0.013328	12189.059570
10674.052713	0.090590	0.013328	12269.775391
10674.053628	0.090637	0.013328	12352.708008
10674.054693	0.090630	0.013328	12449.228516
10675.066293	1.439458	0.017924	606.011841
10675.067316	1.900192	0.017924	2549.908203
10675.068352	1.844956	0.017924	4461.282715
10675.069248	1.785674	0.017924	6061.246094
10675.070155	1.728607	0.017924	7629.092773
10675.071217	1.666245	0.017924	9398.644531
10675.072164	1.612734	0.017924	10925.904297
10675.073037	0.871648	0.017924	11686.852539
10675.074082	0.091099	0.017924	11782.050781
10675.075102	0.090601	0.017924	11874.462891
10675.075975	0.090520	0.017924	11953.487305
10675.076910	0.090630	0.017924	12038.226562
10675.077976	0.090571	0.017924	12134.775391
10675.078913	0.090549	0.017924	12219.620117
10675.079772	0.090597	0.017924	12297.443359
10675.080804	0.090615	0.017924	12390.958008
10675.081826	0.090612	0.017924	12483.563477
10675.082717	0.090549	0.017924	12564.243164
10676.129222	1.455644	0.016268	625.927124
10676.130166	1.902297	0.016268	2421.695801
10676.131213	1.848358	0.016268	4356.926758
10676.132151	1.787183	0.016268	6033.304199
10676.133016	1.731918	0.016268	7531.413086
10676.134083	1.669497	0.016268	9312.766602
10676.135104	1.611903	0.016268	10958.519531
10676.135989	0.814457	0.016268	11679.313477
10676.136977	0.091824	0.016268	11770.035156
10676.138024	0.090568	0.016268	11864.859375
10676.138945	0.090564	0.016268	11948.268555
10676.139802	0.090542	0.016268	12025.863281
10676.140854	0.090663	0.016268	12121.240234
10676.141838	0.090615	0.016268	12210.405273
10676.142729	0.090509	0.016268	12291.048828
10676.143693	0.090637	0.016268	12378.422852
10676.144727	0.090634	0.016268	12472.137695
10676.145638	0.090535	0.016268	12554.615234
10677.157394	1.530161	0.017868	774.261536
10677.158389	1.898529	0.017868	2663.297852
10677.159281	1.849567	0.017868	4313.111328
10677.160257	1.786256	0.017868	6056.497070
10677.161306	1.720847	0.017868	7861.665527
10677.162218	1.666293	0.017868	9381.324219
10677.163084	1.615470	0.017868	10780.321289
10677.164174	0.673059	0.017868	11513.956055
10677.165144	0.090253	0.017868	11601.500977
10677.166027	0.090498	0.017868	11681.411133
10677.167040	0.090586	0.017868	11773.174805
10677.168088	0.090575	0.017868	11868.097656
10677.168972	0.090531	0.017868	11948.126953
10677.169846	0.090502	0.017868	12027.225586
10677.170706	0.090586	0.017868	12105.129883
10677.171738	0.090535	0.017868	12198.561523
10677.172627	0.090472	0.017868	12278.991211
10677.173504	0.090549	0.017868	12358.403320
10678.221325	1.514817	0.017529	763.467712
10678.222202	1.903934	0.017529	2433.218018
10678.223076	1.855232	0.017529	4054.690674
10678.224181	1.786505	0.017529	6028.778809
10678.225139	1.726992	0.017529	7683.237305
10678.226007	1.674998	0.017529	9137.134766
10678.227057	1.616008	0.017529	10833.943359
10678.228098	0.683844	0.017529	11545.825195
10678.228980	0.090623	0.017529	11625.753906
10678.229906	0.090538	0.017529	11709.592773
10678.230959	0.090524	0.017529	11804.914062
10678.231900	0.090527	0.017529	11890.100586
10678.232758	0.090505	0.017529	11967.753906
10678.233785	0.090586	0.017529	12060.786133
10678.234836	0.090480	0.017529	12155.879883
10678.235709	0.090516	0.017529	12234.900391
10678.236649	0.090557	0.017529	12320.023437
10678.237687	0.090597	0.017529	12414.063477
10679.248329	1.466532	0.021122	640.874451
10679.249208	1.905341	0.021122	2315.668701
10679.250073	1.862351	0.021122	3926.602539
10679.251142	1.794470	0.021122	5844.891113
10679.252057	1.735609	0.021122	7432.973633
10679.252942	1.683095	0.021122	8922.511719
10679.253941	1.626984	0.021122	10547.868164
10679.254935	1.062484	0.021122	11603.977539
10679.255816	0.096614	0.021122	11689.094727
10679.256673	0.090406	0.021122	11766.573242
10679.257784	0.090538	0.021122	11867.161133
10679.258682	0.090505	0.021122	11948.434570
10679.259550	0.090513	0.021122	12027.000000
10679.260537	0.090590	0.021122	12116.412109
10679.261533	0.090527	0.021122	12206.577148
10679.262423	0.090513	0.021122	12287.133789
10679.263283	0.090546	0.021122	12365.002930
10679.264362	0.090538	0.021122	12462.693359
10680.311273	1.499740	0.015592	701.878296
10680.312151	1.904685	0.015592	2374.191895
10680.313109	1.855173	0.015592	4151.448242
10680.314183	1.785714	0.015592	6069.305176
10680.315120	1.726926	0.015592	7687.435059
10680.315986	1.674265	0.015592	9137.348633
10680.317069	1.614510	0.015592	10885.863281
10680.318063	0.704268	0.015592	11585.905273
10680.318951	0.090795	0.015592	11666.531250
10680.319936	0.090568	0.015592	11755.740234
10680.320979	0.090520	0.015592	11850.152344
10680.321879	0.090465	0.015592	11931.571289
10680.322796	0.090494	0.015592	12014.554687
10680.323654	0.090582	0.015592	12092.274414
10680.324696	0.090568	0.015592	12186.645508
10680.325570	0.090516	0.015592	12265.756836
10680.326443	0.090582	0.015592	12344.834961
10680.327416	0.090553	0.015592	12432.943359
10681.341401	1.486307	0.018037	661.406799
10681.342281	1.904762	0.018037	2337.597412
10681.343157	1.860908	0.018037	3967.752930
10681.344171	1.796158	0.018037	5789.057617
10681.345102	1.735741	0.018037	7405.032227
10681.346031	1.681183	0.018037	8966.851562
10681.346897	1.630221	0.018037	10378.623047
10681.347943	1.149313	0.018037	11580.804687
10681.348833	0.100192	0.018037	11669.975586
10681.349710	0.090421	0.018037	11749.275391
10681.350702	0.090571	0.018037	11839.122070
10681.351638	0.090494	0.018037	11923.825195
10681.352511	0.090480	0.018037	12002.814453
10681.353460	0.090564	0.018037	12088.759766
10681.354496	0.090527	0.018037	12182.545898
10681.355371	0.090505	0.018037	12261.738281
10681.356237	0.090538	0.018037	12340.144531
10681.357267	0.090637	0.018037	12433.500977
10682.402236	1.445680	0.019193	612.968262
10682.403236	1.900250	0.019193	2513.218750
10682.404285	1.844996	0.019193	4448.620117
10682.405173	1.786241	0.019193	6034.802734
10682.406084	1.728622	0.019193	7609.577148
10682.407172	1.664465	0.019193	9420.515625
10682.408128	1.611193	0.019193	10960.815430
10682.409008	0.814131	0.019193	11677.250977
10682.410055	0.090699	0.019193	11772.212891
10682.411066	0.090549	0.019193	11863.757812
10682.411964	0.090542	0.019193	11945.064453
10682.412908	0.090623	0.019193	12030.612305
10682.413965	0.090568	0.019193	12126.341797
10682.414888	0.090571	0.019193	12209.939453
10682.415749	0.090579	0.019193	12287.927734
10682.416812	0.090736	0.019193	12384.379883
10682.417805	0.090560	0.019193	12474.306641
10682.418688	0.090542	0.019193	12554.254883
10683.433510	1.548951	0.017042	800.807861
10683.434526	1.896812	0.017042	2727.968506
10683.435407	1.847992	0.017042	4356.049316
10683.436406	1.783279	0.017042	6137.544922
10683.437455	1.718675	0.017042	7940.435547
10683.438341	1.665260	0.017042	9415.855469
10683.439210	1.613320	0.017042	10817.831055
10683.440341	0.599601	0.017042	11495.979492
10683.441297	0.090399	0.017042	11582.401367
10683.442159	0.090469	0.017042	11660.385742
10683.443172	0.090604	0.017042	11752.167969
10683.444220	0.090553	0.017042	11847.067383
10683.445107	0.090571	0.017042	11927.404297
10683.446033	0.090524	0.017042	12011.229492
10683.447104	0.090531	0.017042	12108.188477
10683.448051	0.090538	0.017042	12193.928711
10683.448920	0.090520	0.017042	12272.590820
10683.449963	0.090637	0.017042	12367.125000
10684.493334	1.524976	0.018536	770.112732
10684.494348	1.897683	0.018536	2694.363525
10684.495224	1.848992	0.018536	4314.080078
10684.496200	1.785212	0.018536	6056.447266
10684.497268	1.719302	0.018536	7892.661621
10684.498172	1.665392	0.018536	9398.175781
10684.499043	1.613859	0.018536	10803.846680
10684.500150	0.621735	0.018536	11492.107422
10684.501119	0.090297	0.018536	11579.604492
10684.501984	0.090421	0.018536	11657.818359
10684.503056	0.090527	0.018536	11754.863281
10684.504104	0.090480	0.018536	11849.686523
10684.504993	0.090531	0.018536	11930.168945
10684.505917	0.090531	0.018536	12013.819336
10684.506974	0.090663	0.018536	12109.650391
10684.507928	0.090487	0.018536	12195.974609
10684.508788	0.090494	0.018536	12273.799805
10684.509832	0.090634	0.018536	12368.420898
10685.524433	1.465792	0.018895	643.482788
10685.525303	1.905066	0.018895	2300.890137
10685.526340	1.851995	0.018895	4221.408203
10685.527373	1.785542	0.018895	6065.873047
10685.528259	1.729669	0.018895	7598.359863
10685.529194	1.673961	0.018895	9163.513672
10685.530251	1.614316	0.018895	10869.845703
10685.531203	0.791107	0.018895	11622.979492
10685.532063	0.091384	0.018895	11701.570312
10685.533096	0.090619	0.018895	11795.179687
10685.534124	0.090505	0.018895	11888.218750
10685.535011	0.090480	0.018895	11968.474609
10685.535958	0.090659	0.018895	12054.329102
10685.537010	0.090560	0.018895	12149.598633
10685.537926	0.090505	0.018895	12232.501953
10685.538795	0.090505	0.018895	12311.151367
10685.539855	0.090652	0.018895	12407.242187
10685.540867	0.090509	0.018895	12498.836914
10686.584268	1.457805	0.015495	641.434265
10686.585144	1.904923	0.015495	2310.146973
10686.586005	1.859447	0.015495	3911.130859
10686.587101	1.792705	0.015495	5875.935547
10686.587994	1.735243	0.015495	7425.507812
10686.588880	1.682626	0.015495	8916.314453
10686.589890	1.625219	0.015495	10557.785156
10686.590894	1.019465	0.015495	11581.328125
10686.591789	0.094211	0.015495	11665.647461
10686.592770	0.090553	0.015495	11754.479492
10686.593816	0.090560	0.015495	11849.205078
10686.594706	0.090549	0.015495	11929.793945
10686.595585	0.090557	0.015495	12009.393555
10686.596687	0.090659	0.015495	12109.299805
10686.597656	0.090465	0.015495	12196.960937
10686.598518	0.090546	0.015495	12275.011719
10686.599552	0.090637	0.015495	12368.730469
10686.600584	0.090645	0.015495	12462.275391
10687.616545	1.544850	0.022943	792.507996
10687.617515	1.899390	0.022943	2634.916016
10687.618444	1.847512	0.022943	4351.254883
10687.619323	1.790248	0.022943	5924.882812
10687.620331	1.729039	0.022943	7667.754395
10687.621229	1.673229	0.022943	9170.313477
10687.622153	1.621842	0.022943	10668.895508
10687.623014	1.055065	0.022943	11577.306641
10687.624064	0.092201	0.022943	11674.117187
10687.624965	0.090417	0.022943	11755.583008
10687.625844	0.090527	0.022943	11835.156250
10687.626818	0.090593	0.022943	11923.394531
10687.627747	0.090560	0.022943	12007.525391
10687.628662	0.090527	0.022943	12090.358398
10687.629525	0.090604	0.022943	12168.549805
10687.630552	0.090593	0.022943	12261.588867
10687.631435	0.090560	0.022943	12341.553711
10687.632309	0.090586	0.022943	12420.725586
10688.673314	1.546242	0.020482	793.221924
10688.674247	1.900891	0.020482	2566.753418
10688.675112	1.853196	0.020482	4169.767578
10688.676166	1.785985	0.020482	6052.195801
10688.677177	1.722843	0.020482	7793.990234
10688.678050	1.670394	0.020482	9252.244141
10688.679033	1.615679	0.020482	10840.456055
10688.680097	0.663842	0.020482	11546.783203
10688.680998	0.090549	0.020482	11628.368164
10688.681871	0.090557	0.020482	11707.423828
10688.682936	0.090663	0.020482	11803.979492
10688.683931	0.090516	0.020482	11894.042969
10688.684828	0.090560	0.020482	11975.275391
10688.685811	0.090656	0.020482	12064.389648
10688.686861	0.090637	0.020482	12159.558594
10688.687774	0.090568	0.020482	12242.247070
10688.688635	0.090564	0.020482	12320.222656
10688.689729	0.090732	0.020482	12419.484375
10689.707459	1.456384	0.016736	627.701599
10689.708326	1.904604	0.016736	2278.993652
10689.709394	1.850962	0.016736	4255.821289
10689.710409	1.785106	0.016736	6067.704102
10689.711307	1.728882	0.016736	7620.240234
10689.712266	1.672207	0.016736	9223.886719
10689.713328	1.612723	0.016736	10936.598633
10689.714240	0.785544	0.016736	11653.015625
10689.715097	0.091608	0.016736	11731.523437
10689.716175	0.090667	0.016736	11829.261719
10689.717171	0.090531	0.016736	11919.430664
10689.718049	0.090564	0.016736	11998.946289
10689.719045	0.090652	0.016736	12089.235352
10689.720105	0.090612	0.016736	12185.283203
10689.720988	0.090560	0.016736	12265.248047
10689.721848	0.090597	0.016736	12343.161133
10689.722933	0.090751	0.016736	12441.625977
10689.723921	0.090494	0.016736	12531.034180
10690.763283	1.532908	0.018492	771.052612
10690.764182	1.902594	0.018492	2481.484619
10690.765046	1.854269	0.018492	4083.572998
10690.766151	1.785564	0.018492	6056.621094
10690.767141	1.723253	0.018492	7762.641602
10690.768024	1.671226	0.018492	9238.333984
10690.769041	1.614701	0.018492	10880.484375
10690.770086	0.660754	0.018492	11570.972656
10690.770967	0.090579	0.018492	11650.772461
10690.771848	0.090531	0.018492	11730.530273
10690.772943	0.090659	0.018492	11829.801758
10690.773901	0.090626	0.018492	11916.622070
10690.774767	0.090549	0.018492	11995.038086
10690.775781	0.090659	0.018492	12086.966797
10690.776818	0.090619	0.018492	12180.938477
10690.777706	0.090590	0.018492	12261.381836
10690.778634	0.090615	0.018492	12345.472656
10690.779709	0.090645	0.018492	12442.916016
10691.800516	1.446127	0.030158	624.726746
10691.801383	1.904993	0.030158	2276.355225
10691.802439	1.851321	0.030158	4231.350098
10691.803457	1.785732	0.030158	6049.225586
10691.804355	1.729043	0.030158	7601.906250
10691.805316	1.673027	0.030158	9209.685547
10691.806368	1.613196	0.030158	10906.767578
10691.807295	0.787833	0.030158	11637.088867
10691.808155	0.091494	0.030158	11715.773437
10691.809228	0.090531	0.030158	11812.913086
10691.810222	0.090549	0.030158	11902.918945
10691.811098	0.090608	0.030158	11982.291016
10691.812075	0.090652	0.030158	12070.857422
10691.813122	0.090568	0.030158	12165.681641
10691.814030	0.090568	0.030158	12247.916992
10691.814888	0.090612	0.030158	12325.662109
10691.815955	0.090688	0.030158	12422.426758
10691.816943	0.090524	0.030158	12511.864258
10692.853265	1.533391	0.018689	768.228943
10692.854147	1.903110	0.018689	2446.772217
10692.855058	1.853555	0.018689	4135.360352
10692.856146	1.784879	0.018689	6077.309082
10692.857095	1.725417	0.018689	7714.730469
10692.857960	1.673394	0.018689	9162.215820
10692.859003	1.615177	0.018689	10846.845703
10692.860032	0.692673	0.018689	11559.606445
10692.860910	0.090688	0.018689	11639.230469
10692.861841	0.090597	0.018689	11723.576172
10692.862908	0.090604	0.018689	11820.250977
10692.863822	0.090516	0.018689	11902.983398
10692.864691	0.090509	0.018689	11981.635742
10692.865731	0.090674	0.018689	12075.936523
10692.866750	0.090502	0.018689	12168.158203
10692.867641	0.090549	0.018689	12248.837891
10692.868608	0.090674	0.018689	12336.519531
10692.869656	0.090608	0.018689	12431.476562
10693.891510	1.455711	0.011289	609.942688
10693.892629	1.896511	0.011289	2732.138672
10693.893591	1.842440	0.011289	4504.566406
10693.894467	1.785227	0.011289	6068.425293
10693.895491	1.721371	0.011289	7831.108887
10693.896526	1.660481	0.011289	9549.707031
10693.897422	1.610028	0.011289	10992.291992
10693.898376	0.720568	0.011289	11679.713867
10693.899423	0.090509	0.011289	11774.476562
10693.900363	0.090516	0.011289	11859.561523
10693.901225	0.090542	0.011289	11937.608398
10693.902275	0.090747	0.011289	12032.892578
10693.903281	0.090645	0.011289	12124.081055
10693.904170	0.090568	0.011289	12204.595703
10693.905130	0.090626	0.011289	12291.596680
10693.906163	0.090542	0.011289	12385.126953
10693.907083	0.090579	0.011289	12468.458984
10693.907941	0.090575	0.011289	12546.171875
10694.944194	1.460585	0.018536	629.512024
10694.945065	1.905201	0.018536	2288.942383
10694.945928	1.860864	0.018536	3894.868164
10694.946937	1.798762	0.018536	5709.819336
10694.947863	1.740403	0.018536	7321.432617
10694.948727	1.687233	0.018536	8779.201172
10694.949751	1.629196	0.018536	10447.497070
10694.950654	1.292996	0.018536	11615.072266
10694.951531	0.120165	0.018536	11720.457031
10694.952459	0.090553	0.018536	11804.490234
10694.953447	0.090527	0.018536	11893.931641
10694.954360	0.090498	0.018536	11976.556641
10694.955234	0.090571	0.018536	12055.715820
10694.956291	0.090557	0.018536	12151.434570
10694.957189	0.090491	0.018536	12232.695312
10694.958063	0.090549	0.018536	12311.834961
10694.958922	0.090564	0.018536	12389.629883
10694.959973	0.090505	0.018536	12484.750977
10695.983556	1.456110	0.015974	623.214905
10695.984431	1.905121	0.015974	2290.195801
10695.985391	1.856876	0.015974	4072.796875
10695.986424	1.790398	0.015974	5922.277832
10695.987313	1.734327	0.015974	7464.094727
10695.988177	1.681699	0.015974	8917.083008
10695.989247	1.621853	0.015974	10652.465820
10695.990189	1.038571	0.015974	11630.798828
10695.991066	0.095563	0.015974	11714.607422
10695.992024	0.090542	0.015974	11801.346680
10695.993043	0.090553	0.015974	11893.620117
10695.993925	0.090557	0.015974	11973.491211
10695.994867	0.090663	0.015974	12058.895508
10695.995910	0.090590	0.015974	12153.380859
10695.996845	0.090542	0.015974	12238.038086
10695.997702	0.090564	0.015974	12315.651367
10695.998732	0.090773	0.015974	12409.147461
10695.999759	0.090579	0.015974	12502.171875
10697.034167	1.439586	0.025634	604.626221
10697.035212	1.899111	0.025634	2589.197510
10697.036244	1.842986	0.025634	4491.158691
10697.037148	1.783652	0.025634	6103.580078
10697.038114	1.724582	0.025634	7769.526855
10697.039161	1.662085	0.025634	9509.729492
10697.040093	1.609200	0.025634	11009.503906
10697.040962	0.777689	0.025634	11685.315430
10697.042033	0.090656	0.025634	11782.407227
10697.043034	0.090502	0.025634	11872.999023
10697.043914	0.090663	0.025634	11952.782227
10697.044891	0.090656	0.025634	12041.352539
10697.045926	0.090590	0.025634	12135.112305
10697.046834	0.090571	0.025634	12217.350586
10697.047690	0.090593	0.025634	12294.898437
10697.048751	0.090571	0.025634	12390.994141
10697.049740	0.090564	0.025634	12480.561523
10697.050628	0.090546	0.025634	12560.965820
10698.076608	1.452180	0.017549	624.437439
10698.077481	1.904528	0.017549	2287.090088
10698.078515	1.851742	0.017549	4201.791016
10698.079552	1.785176	0.017549	6053.018555
10698.080448	1.729113	0.017549	7602.303223
10698.081424	1.671632	0.017549	9233.816406
10698.082490	1.611262	0.017549	10951.421875
10698.083409	0.753904	0.017549	11644.259766
10698.084270	0.091168	0.017549	11722.755859
10698.085352	0.090656	0.017549	11820.844727
10698.086344	0.090502	0.017549	11910.622070
10698.087238	0.090619	0.017549	11991.635742
10698.088219	0.090615	0.017549	12080.529297
10698.089265	0.090593	0.017549	12175.290039
10698.090168	0.090509	0.017549	12257.019531
10698.091027	0.090667	0.017549	12334.902344
10698.092103	0.090674	0.017549	12432.467773
10698.093071	0.090483	0.017549	12520.055664
10699.125172	1.455077	0.022750	611.132324
10699.126226	1.899972	0.022750	2613.702637
10699.127121	1.850841	0.022750	4270.205078
10699.127999	1.793687	0.022750	5845.062012
10699.129025	1.730607	0.022750	7620.664551
10699.129945	1.674635	0.022750	9161.329102
10699.130822	1.624673	0.022750	10586.166992
10699.131819	1.012994	0.022750	11596.122070
10699.132832	0.092318	0.022750	11689.640625
10699.133706	0.090527	0.022750	11768.761719
10699.134570	0.090590	0.022750	11847.031250
10699.135610	0.090601	0.022750	11941.255859
10699.136534	0.090527	0.022750	12024.903320
10699.137410	0.090546	0.022750	12104.221680
10699.138354	0.090641	0.022750	12189.787109
10699.139388	0.090601	0.022750	12283.467773
10699.140281	0.090513	0.022750	12364.295898
10699.141141	0.090546	0.022750	12442.165039
10700.166598	1.464133	0.021405	632.505554
10700.167471	1.905059	0.021405	2295.621582
10700.168335	1.859604	0.021405	3902.319824
10700.169395	1.794196	0.021405	5804.166992
10700.170289	1.738011	0.021405	7357.949219
10700.171170	1.685350	0.021405	8842.743164
10700.172159	1.629357	0.021405	10454.176758
10700.173111	1.205175	0.021405	11601.502930
10700.174036	0.103136	0.021405	11696.903320
10700.174899	0.090476	0.021405	11774.984375
10700.175940	0.090520	0.021405	11869.215820
10700.176817	0.090509	0.021405	11948.591797
10700.177681	0.090516	0.021405	12026.797852
10700.178614	0.090656	0.021405	12111.379883
10700.179585	0.090630	0.021405	12199.381836
10700.180466	0.090582	0.021405	12279.184570
10700.181345	0.090615	0.021405	12358.834961
10700.182429	0.090597	0.021405	12457.041992
10701.217208	1.442732	0.015165	607.390137
10701.218185	1.900401	0.015165	2464.081543
10701.219202	1.848083	0.015165	4343.582520
10701.220101	1.789189	0.015165	5952.063965
10701.220970	1.733470	0.015165	7458.449707
10701.222041	1.671233	0.015165	9248.339844
10701.222975	1.617923	0.015165	10759.480469
10701.223858	1.029294	0.015165	11668.347656
10701.224819	0.096006	0.015165	11760.609375
10701.225831	0.090439	0.015165	11852.133789
10701.226711	0.090520	0.015165	11931.791016
10701.227570	0.090601	0.015165	12009.617187
10701.228604	0.090648	0.015165	12103.347656
10701.229562	0.090575	0.015165	12190.118164
10701.230429	0.090469	0.015165	12268.554687
10701.231435	0.090688	0.015165	12359.787109
10701.232467	0.090582	0.015165	12453.267578
10701.233353	0.090579	0.015165	12533.520508
10702.256574	1.441868	0.024526	614.235657
10702.257521	1.900968	0.024526	2414.452393
10702.258604	1.845952	0.024526	4413.618652
10702.259541	1.784692	0.024526	6085.875488
10702.260400	1.729607	0.024526	7571.607910
10702.261453	1.667457	0.024526	9327.440430
10702.262476	1.610039	0.024526	10974.510742
10702.263374	0.761429	0.024526	11658.274414
10702.264344	0.091263	0.024526	11746.799805
10702.265384	0.090575	0.024526	11840.998047
10702.266306	0.090619	0.024526	11924.548828
10702.267174	0.090597	0.024526	12003.186523
10702.268240	0.090692	0.024526	12099.864258
10702.269224	0.090586	0.024526	12189.000977
10702.270118	0.090546	0.024526	12269.949219
10702.271096	0.090645	0.024526	12358.599609
10702.272152	0.090677	0.024526	12454.355469
10702.273061	0.090538	0.024526	12536.655273
10703.307197	1.470066	0.022206	629.188171
10703.308293	1.896496	0.022206	2707.748291
10703.309270	1.842755	0.022206	4508.120117
10703.310142	1.785260	0.022206	6064.866699
10703.311186	1.720118	0.022206	7860.670410
10703.312235	1.658888	0.022206	9600.843750
10703.313128	1.608384	0.022206	11037.130859
10703.314075	0.695409	0.022206	11695.682617
10703.315131	0.090439	0.022206	11791.186523
10703.316078	0.090586	0.022206	11876.971680
10703.316937	0.090608	0.022206	11954.803711
10703.317985	0.090663	0.022206	12049.818359
10703.318997	0.090520	0.022206	12141.424805
10703.319897	0.090623	0.022206	12222.985352
10703.320839	0.090586	0.022206	12308.317383
10703.321878	0.090579	0.022206	12402.428711
10703.322791	0.090557	0.022206	12485.106445
10703.323649	0.090634	0.022206	12562.870117
10704.349636	1.448525	0.021972	627.211487
10704.350504	1.904963	0.021972	2280.719727
10704.351364	1.862725	0.021972	3882.663086
10704.352346	1.799703	0.021972	5649.971680
10704.353245	1.742772	0.021972	7216.723633
10704.354120	1.690338	0.021972	8695.769531
10704.355103	1.634458	0.021972	10302.441406
10704.356050	1.333162	0.021972	11564.945312
10704.356980	0.120736	0.021972	11677.229492
10704.357844	0.090476	0.021972	11755.400391
10704.358875	0.090626	0.021972	11848.835937
10704.359753	0.090524	0.021972	11928.315430
10704.360625	0.090535	0.021972	12007.261719
10704.361581	0.090619	0.021972	12093.893555
10704.362549	0.090531	0.021972	12181.527344
10704.363454	0.090509	0.021972	12263.438477
10704.364331	0.090608	0.021972	12342.901367
10704.365369	0.090557	0.021972	12436.899414
10705.398311	1.532534	0.020703	818.373230
10705.399250	1.899298	0.020703	2601.814209
10705.400168	1.849336	0.020703	4299.504883
10705.401051	1.790691	0.020703	5880.685059
10705.402089	1.726750	0.020703	7673.052246
10705.402987	1.673214	0.020703	9175.598633
10705.403868	1.623047	0.020703	10605.502930
10705.404825	1.033608	0.020703	11594.666016
10705.405798	0.093384	0.020703	11685.528320
10705.406672	0.090542	0.020703	11764.662109
10705.407552	0.090663	0.020703	11844.445312
10705.408637	0.090582	0.020703	11942.727539
10705.409520	0.090553	0.020703	12022.685547
10705.410376	0.090553	0.020703	12100.199219
10705.411390	0.090593	0.020703	12192.060547
10705.412367	0.090538	0.020703	12280.516602
10705.413242	0.090524	0.020703	12359.724609
10705.414101	0.090597	0.020703	12437.547852
10706.440774	1.582255	0.022492	895.556152
10706.441819	1.893842	0.022492	2874.620605
10706.442713	1.841968	0.022492	4521.339844
10706.443587	1.782521	0.022492	6079.262695
10706.444689	1.716383	0.022492	7970.716797
10706.445656	1.659825	0.022492	9575.767578
10706.446523	1.610878	0.022492	10972.398437
10706.447583	0.584963	0.022492	11592.459961
10706.448604	0.090538	0.022492	11684.899414
10706.449484	0.090546	0.022492	11764.580078
10706.450412	0.090593	0.022492	11848.650391
10706.451472	0.090608	0.022492	11944.694336
10706.452397	0.090542	0.022492	12028.445312
10706.453264	0.090641	0.022492	12107.031250
10706.454285	0.090593	0.022492	12199.527344
10706.455315	0.090564	0.022492	12292.808594
10706.456201	0.090531	0.022492	12373.019531
10706.457136	0.090568	0.022492	12457.700195
10707.489231	1.489241	0.022980	659.733582
10707.490110	1.904517	0.022980	2333.803711
10707.491112	1.853269	0.022980	4190.779297
10707.492104	1.788149	0.022980	5964.623535
10707.492996	1.732716	0.022980	7510.206055
10707.493987	1.674349	0.022980	9169.486328
10707.495048	1.615071	0.022980	10883.076172
10707.495957	0.859146	0.022980	11664.039062
10707.496819	0.092249	0.022980	11743.557617
10707.497926	0.090608	0.022980	11843.860352
10707.498881	0.090516	0.022980	11930.303711
10707.499742	0.090546	0.022980	12008.263672
10707.500789	0.090707	0.022980	12103.233398
10707.501824	0.090593	0.022980	12196.997070
10707.502701	0.090564	0.022980	12276.421875
10707.503627	0.090601	0.022980	12360.318359
10707.504697	0.090626	0.022980	12457.288086
10707.505635	0.090582	0.022980	12542.253906
10708.531725	1.540756	0.022246	764.214783
10708.532604	1.903096	0.022246	2437.035889
10708.533540	1.853829	0.022246	4172.220215
10708.534602	1.784916	0.022246	6067.800781
10708.535546	1.726062	0.022246	7697.203125
10708.536413	1.673899	0.022246	9148.473633
10708.537470	1.614858	0.022246	10855.378906
10708.538493	0.699203	0.022246	11570.663086
10708.539368	0.090718	0.022246	11650.041016
10708.540336	0.090582	0.022246	11737.724609
10708.541391	0.090579	0.022246	11833.285156
10708.542296	0.090560	0.022246	11915.242187
10708.543164	0.090571	0.022246	11993.858398
10708.544204	0.090656	0.022246	12088.139648
10708.545211	0.090524	0.022246	12179.296875
10708.546096	0.090582	0.022246	12259.461914
10708.547057	0.090586	0.022246	12346.514648
10708.548106	0.090663	0.022246	12441.620117
10709.580343	1.532219	0.022488	844.252747
10709.581401	1.894050	0.022488	2848.157959
10709.582300	1.841525	0.022488	4503.688477
10709.583170	1.782832	0.022488	6054.752441
10709.584244	1.717507	0.022488	7899.355469
10709.585237	1.658822	0.022488	9546.565430
10709.586131	1.609255	0.022488	10985.240234
10709.587126	0.616575	0.022488	11598.732422
10709.588187	0.090337	0.022488	11694.580078
10709.589074	0.090450	0.022488	11774.809570
10709.589944	0.090538	0.022488	11853.578125
10709.591047	0.090659	0.022488	11953.575195
10709.592001	0.090535	0.022488	12039.945312
10709.592863	0.090608	0.022488	12118.049805
10709.593897	0.090652	0.022488	12211.784180
10709.594929	0.090579	0.022488	12305.261719
10709.595821	0.090494	0.022488	12385.982422
10709.596735	0.090524	0.022488	12468.720703
10710.623797	1.576908	0.030094	845.222656
10710.624841	1.894958	0.030094	2823.559326
10710.625732	1.843821	0.030094	4466.403320
10710.626653	1.783480	0.030094	6108.988281
10710.627727	1.717083	0.030094	7953.134766
10710.628670	1.661510	0.030094	9519.938477
10710.629534	1.612273	0.030094	10912.942383
10710.630594	0.624943	0.030094	11575.381836
10710.631614	0.090403	0.030094	11667.592773
10710.632490	0.090502	0.030094	11746.872070
10710.633420	0.090656	0.030094	11831.181641
10710.634492	0.090575	0.030094	11928.278320
10710.635409	0.090513	0.030094	12011.278320
10710.636271	0.090564	0.030094	12089.344727
10710.637293	0.090681	0.030094	12182.020508
10710.638299	0.090553	0.030094	12273.117187
10710.639183	0.090524	0.030094	12353.139648
10710.640139	0.090608	0.030094	12439.760742
10711.670342	1.584950	0.022569	881.232178
10711.671394	1.893787	0.022569	2873.495605
10711.672266	1.842894	0.022569	4480.499512
10711.673190	1.782246	0.022569	6127.294922
10711.674272	1.715457	0.022569	7983.418945
10711.675214	1.660173	0.022569	9547.302734
10711.676091	1.610804	0.022569	10959.978516
10711.677132	0.593123	0.022569	11577.418945
10711.678164	0.090289	0.022569	11670.597656
10711.679057	0.090557	0.022569	11751.464844
10711.680004	0.090710	0.022569	11837.367187
10711.681056	0.090623	0.022569	11932.702148
10711.681993	0.090524	0.022569	12017.522461
10711.682916	0.090535	0.022569	12101.085937
10711.683793	0.090531	0.022569	12180.481445
10711.684728	0.090553	0.022569	12265.148437
10711.685668	0.090494	0.022569	12350.212891
10711.686555	0.090520	0.022569	12430.503906
10712.714758	1.536299	0.022754	745.104919
10712.715635	1.903253	0.022754	2414.258057
10712.716497	1.857532	0.022754	4015.450195
10712.717571	1.789871	0.022754	5937.771484
10712.718502	1.731097	0.022754	7549.422852
10712.719381	1.678832	0.022754	9025.116211
10712.720328	1.624827	0.022754	10563.827148
10712.721390	0.950402	0.022754	11573.153320
10712.722259	0.093270	0.022754	11654.205078
10712.723123	0.090410	0.022754	11732.319336
10712.724144	0.090546	0.022754	11824.766602
10712.725094	0.090480	0.022754	11910.722656
10712.725962	0.090546	0.022754	11989.316406
10712.726882	0.090538	0.022754	12072.611328
10712.727942	0.090472	0.022754	12168.511719
10712.728833	0.090469	0.022754	12249.119141
10712.729692	0.090571	0.022754	12326.919922
10712.730728	0.090586	0.022754	12420.766602
10713.761261	1.504984	0.023261	711.857483
10713.762141	1.903553	0.023261	2386.984619
10713.763101	1.853818	0.023261	4166.650391
10713.764160	1.784923	0.023261	6056.883789
10713.765094	1.726641	0.023261	7669.565918
10713.765967	1.673573	0.023261	9130.595703
10713.767053	1.613130	0.023261	10882.455078
10713.768058	0.679633	0.023261	11565.486328
10713.768953	0.090498	0.023261	11646.482422
10713.769923	0.090546	0.023261	11734.311523
10713.770982	0.090538	0.023261	11830.191406
10713.771897	0.090447	0.023261	11912.950195
10713.772757	0.090516	0.023261	11990.793945
10713.773848	0.090612	0.023261	12089.651367
10713.774828	0.090428	0.023261	12178.271484
10713.775713	0.090476	0.023261	12258.342773
10713.776720	0.090659	0.023261	12349.636719
10713.777765	0.090542	0.023261	12444.252930
10714.805693	1.450115	0.024099	616.298828
10714.806718	1.899031	0.024099	2562.805420
10714.807755	1.843894	0.024099	4474.923340
10714.808657	1.784033	0.024099	6084.121094
10714.809599	1.725710	0.024099	7709.740234
10714.810663	1.662865	0.024099	9479.028320
10714.811591	1.610193	0.024099	10973.287109
10714.812460	0.816764	0.024099	11683.054687
10714.813517	0.090721	0.024099	11778.947266
10714.814531	0.090483	0.024099	11870.697266
10714.815412	0.090524	0.024099	11950.448242
10714.816371	0.090619	0.024099	12037.351562
10714.817404	0.090670	0.024099	12131.013672
10714.818316	0.090531	0.024099	12213.578125
10714.819180	0.090623	0.024099	12291.875977
10714.820222	0.090703	0.024099	12386.388672
10714.821234	0.090571	0.024099	12478.046875
10714.822118	0.090597	0.024099	12558.134766
10715.852223	1.444380	0.020095	612.417053
10715.853255	1.898807	0.020095	2571.986328
10715.854304	1.843015	0.020095	4505.309082
10715.855176	1.784469	0.020095	6061.366211
10715.856079	1.726300	0.020095	7620.215332
10715.857181	1.662660	0.020095	9452.466797
10715.858143	1.609142	0.020095	11000.460937
10715.859019	0.770142	0.020095	11675.105469
10715.860059	0.090586	0.020095	11769.314453
10715.861079	0.090454	0.020095	11861.578125
10715.861967	0.090527	0.020095	11941.966797
10715.862919	0.090615	0.020095	12028.232422
10715.863977	0.090509	0.020095	12123.991211
10715.864906	0.090553	0.020095	12208.115234
10715.865769	0.090546	0.020095	12286.255859
10715.866849	0.090619	0.020095	12384.124023
10715.867849	0.090527	0.020095	12474.651367
10715.868740	0.090612	0.020095	12555.386719
10716.895678	1.452001	0.024494	614.196289
10716.896774	1.896892	0.024494	2693.189941
10716.897770	1.840562	0.024494	4526.389160
10716.898669	1.782330	0.024494	6128.704102
10716.899658	1.721129	0.024494	7830.900879
10716.900708	1.659668	0.024494	9573.552734
10716.901619	1.608087	0.024494	11038.520508
10716.902490	0.722728	0.024494	11668.016602
10716.903603	0.090432	0.024494	11768.667969
10716.904563	0.090513	0.024494	11855.560547
10716.905425	0.090520	0.024494	11933.588867
10716.906504	0.090645	0.024494	12031.394531
10716.907531	0.090575	0.024494	12124.415039
10716.908412	0.090582	0.024494	12204.217773
10716.909310	0.090604	0.024494	12285.580078
10716.910387	0.090696	0.024494	12383.259766
10716.911328	0.090516	0.024494	12468.435547
10716.912185	0.090546	0.024494	12546.033203
10717.945286	1.463562	0.020079	635.185913
10717.946148	1.902524	0.020079	2275.161865
10717.947260	1.849065	0.020079	4331.322266
10717.948159	1.789398	0.020079	5939.991211
10717.949026	1.734661	0.020079	7443.941895
10717.950017	1.675924	0.020079	9104.782227
10717.951015	1.618616	0.020079	10720.161133
10717.951914	1.040958	0.020079	11655.982422
10717.952775	0.096215	0.020079	11738.823242
10717.953869	0.090597	0.020079	11837.936523
10717.954785	0.090648	0.020079	11920.970703
10717.955646	0.090656	0.020079	11999.025391
10717.956746	0.090674	0.020079	12098.766602
10717.957734	0.090645	0.020079	12188.323242
10717.958629	0.090645	0.020079	12269.450195
10717.959620	0.090703	0.020079	12359.336914
10717.960664	0.090667	0.020079	12453.993164
10717.961543	0.090557	0.020079	12533.592773
10718.987717	1.447112	0.022488	626.599426
10718.988587	1.904755	0.022488	2283.735840
10718.989481	1.859084	0.022488	3945.757324
10718.990579	1.791167	0.022488	5912.458496
10718.991479	1.733837	0.022488	7472.911621
10718.992344	1.681652	0.022488	8927.540039
10718.993412	1.621267	0.022488	10659.052734
10718.994391	0.973850	0.022488	11612.452148
10718.995267	0.093823	0.022488	11694.641602
10718.996127	0.090579	0.022488	11772.539062
10718.997229	0.090593	0.022488	11872.373047
10718.998108	0.090571	0.022488	11951.985352
10718.998963	0.090520	0.022488	12029.379883
10719.000023	0.090677	0.022488	12125.498047
10719.000990	0.090597	0.022488	12213.105469
10719.001873	0.090579	0.022488	12293.085937
10719.002859	0.090707	0.022488	12382.522461
10719.003910	0.090634	0.022488	12477.778320
10720.034243	1.464404	0.027201	629.693848
10720.035119	1.904560	0.027201	2298.088867
10720.036146	1.852969	0.027201	4201.087891
10720.037192	1.785773	0.027201	6069.005859
10720.038075	1.729508	0.027201	7596.161621
10720.038984	1.674672	0.027201	9118.438477
10720.040056	1.615064	0.027201	10849.787109
10720.041017	0.811443	0.027201	11629.583984
10720.041946	0.091230	0.027201	11714.336914
10720.042803	0.090498	0.027201	11791.893555
10720.043833	0.090579	0.027201	11885.189453
10720.044731	0.090582	0.027201	11966.532227
10720.045603	0.090612	0.027201	12045.545898
10720.046488	0.090634	0.027201	12125.756836
10720.047540	0.090619	0.027201	12221.087891
10720.048435	0.090597	0.027201	12302.171875
10720.049307	0.090619	0.027201	12381.191406
10720.050298	0.090615	0.027201	12470.991211
10721.078709	1.451005	0.025111	609.421936
10721.079792	1.896669	0.025111	2663.514160
10721.080779	1.842268	0.025111	4481.833008
10721.081661	1.785088	0.025111	6056.280273
10721.082667	1.722484	0.025111	7789.099121
10721.083713	1.661594	0.025111	9527.126953
10721.084605	1.610607	0.025111	10963.788086
10721.085502	0.788317	0.025111	11670.908203
10721.086589	0.090571	0.025111	11769.359375
10721.087546	0.090634	0.025111	11856.095703
10721.088408	0.090586	0.025111	11934.180664
10721.089459	0.090699	0.025111	12029.505859
10721.090491	0.090542	0.025111	12122.945312
10721.091378	0.090535	0.025111	12203.250000
10721.092307	0.090619	0.025111	12287.434570
10721.093368	0.090557	0.025111	12383.515625
10721.094302	0.090575	0.025111	12468.112305
10721.095164	0.090630	0.025111	12546.235352
10722.125247	1.455454	0.023463	621.478882
10722.126115	1.902832	0.023463	2273.137207
10722.127168	1.851896	0.023463	4223.183594
10722.128052	1.794001	0.023463	5809.081055
10722.128925	1.738828	0.023463	7327.078125
10722.129916	1.681080	0.023463	8993.028320
10722.130861	1.625684	0.023463	10529.299805
10722.131769	1.200571	0.023463	11619.418945
10722.132649	0.107377	0.023463	11713.910156
10722.133676	0.090553	0.023463	11806.908203
10722.134574	0.090483	0.023463	11888.162109
10722.135448	0.090619	0.023463	11967.363281
10722.136370	0.090652	0.023463	12050.944336
10722.137366	0.090513	0.023463	12141.094727
10722.138256	0.090626	0.023463	12221.751953
10722.139116	0.090615	0.023463	12299.680664
10722.140232	0.090637	0.023463	12400.832031
10722.141127	0.090527	0.023463	12481.854492
10723.168780	1.475797	0.029606	748.229187
10723.169836	1.895306	0.029606	2749.672607
10723.170779	1.841990	0.029606	4486.668945
10723.171640	1.784634	0.029606	6023.238770
10723.172673	1.720331	0.029606	7800.340820
10723.173700	1.659986	0.029606	9505.146484
10723.174594	1.610109	0.029606	10944.583984
10723.175566	0.695427	0.029606	11620.539062
10723.176625	0.090469	0.029606	11716.345703
10723.177532	0.090487	0.029606	11798.416992
10723.178402	0.090546	0.029606	11877.191406
10723.179486	0.090637	0.029606	11975.442383
10723.180475	0.090538	0.029606	12064.984375
10723.181367	0.090483	0.029606	12145.695312
10723.182342	0.090630	0.029606	12234.059570
10723.183393	0.090597	0.029606	12329.277344
10723.184301	0.090619	0.029606	12411.559570
10723.185161	0.090564	0.029606	12489.444336
10724.217287	1.458593	0.026323	635.946350
10724.218153	1.904341	0.026323	2285.105469
10724.219214	1.850482	0.026323	4248.466797
10724.220230	1.784769	0.026323	6061.792480
10724.221125	1.728505	0.026323	7608.804199
10724.222085	1.672233	0.026323	9214.147461
10724.223139	1.612592	0.026323	10913.818359
10724.224071	0.771310	0.026323	11632.678711
10724.224928	0.091421	0.026323	11711.026367
10724.225990	0.090615	0.026323	11807.259766
10724.227007	0.090582	0.026323	11899.381836
10724.227882	0.090531	0.026323	11978.596680
10724.228870	0.090645	0.026323	12068.153320
10724.229915	0.090685	0.026323	12162.918945
10724.230814	0.090542	0.026323	12244.316406
10724.231669	0.090568	0.026323	12321.751953
10724.232729	0.090670	0.026323	12417.862305
10724.233715	0.090582	0.026323	12507.176758
10725.259872	1.611720	0.022871	936.409302
10725.260774	1.897991	0.022871	2648.396973
10725.261702	1.847736	0.022871	4363.095703
10725.262572	1.787845	0.022871	5918.521484
10725.263627	1.724967	0.022871	7738.361816
10725.264513	1.671442	0.022871	9219.258789
10725.265385	1.620223	0.022871	10632.093750
10725.266483	0.816643	0.022871	11528.767578
10725.267387	0.091187	0.022871	11611.200195
10725.268265	0.090447	0.022871	11690.612305
10725.269250	0.090773	0.022871	11780.023437
10725.270242	0.090516	0.022871	11869.815430
10725.271133	0.090579	0.022871	11950.520508
10725.271994	0.090557	0.022871	12028.490234
10725.273080	0.090604	0.022871	12126.886719
10725.273991	0.090549	0.022871	12209.376953
10725.274863	0.090531	0.022871	12288.320312
10725.275843	0.090681	0.022871	12377.187500
10726.309377	1.513535	0.022532	743.145752
10726.310328	1.900657	0.022532	2550.670410
10726.311203	1.853427	0.022532	4172.418945
10726.312234	1.786223	0.022532	6014.014648
10726.313281	1.721294	0.022532	7816.209473
10726.314173	1.668230	0.022532	9304.270508
10726.315103	1.615887	0.022532	10807.045898
10726.316172	0.681328	0.022532	11535.385742
10726.317111	0.090381	0.022532	11620.252930
10726.317973	0.090520	0.022532	11698.281250
10726.319014	0.090685	0.022532	11792.684570
10726.320015	0.090597	0.022532	11883.372070
10726.320908	0.090593	0.022532	11964.271484
10726.321850	0.090593	0.022532	12049.610352
10726.322892	0.090677	0.022532	12144.096680
10726.323811	0.090502	0.022532	12227.267578
10726.324675	0.090549	0.022532	12305.501953
10726.325715	0.090637	0.022532	12399.764648
10727.349775	1.531886	0.025509	769.006775
10727.350664	1.902209	0.025509	2460.071045
10727.351559	1.853145	0.025509	4118.635742
10727.352648	1.784751	0.025509	6062.229492
10727.353601	1.725370	0.025509	7706.506836
10727.354462	1.673569	0.025509	9147.450195
10727.355483	1.615389	0.025509	10796.762695
10727.356543	0.705194	0.025509	11544.268555
10727.357412	0.090604	0.025509	11623.003906
10727.358346	0.090516	0.025509	11707.545898
10727.359406	0.090619	0.025509	11803.601562
10727.360345	0.090597	0.025509	11888.671875
10727.361209	0.090549	0.025509	11966.906250
10727.362266	0.090667	0.025509	12062.741211
10727.363284	0.090546	0.025509	12154.916992
10727.364174	0.090476	0.025509	12235.440430
10727.365128	0.090546	0.025509	12321.821289
10727.366173	0.090659	0.025509	12416.560547
10728.400331	1.466869	0.026516	633.687378
10728.401200	1.903052	0.026516	2287.439453
10728.402270	1.849145	0.026516	4266.024902
10728.403276	1.783762	0.026516	6060.489746
10728.404172	1.728289	0.026516	7609.036133
10728.405158	1.670134	0.026516	9255.789062
10728.406209	1.610889	0.026516	10948.833008
10728.407130	0.743928	0.026516	11633.991211
10728.407992	0.091176	0.026516	11712.584961
10728.409091	0.090670	0.026516	11812.231445
10728.410064	0.090535	0.026516	11900.321289
10728.410928	0.090513	0.026516	11978.524414
10728.412013	0.090586	0.026516	12076.810547
10728.413039	0.090593	0.026516	12169.758789
10728.413926	0.090575	0.026516	12250.098633
10728.414824	0.090586	0.026516	12331.444336
10728.415900	0.090652	0.026516	12428.985352
10728.416843	0.090538	0.026516	12514.363281
10729.439740	1.529403	0.025050	734.113464
10729.440619	1.903052	0.025050	2406.895996
10729.441599	1.852145	0.025050	4221.998047
10729.442661	1.783502	0.025050	6116.077148
10729.443585	1.725220	0.025050	7710.180176
10729.444447	1.672317	0.025050	9151.717773
10729.445522	1.613683	0.025050	10886.426758
10729.446532	0.689465	0.025050	11582.787109
10729.447404	0.090568	0.025050	11661.761719
10729.448388	0.090546	0.025050	11750.858398
10729.449430	0.090542	0.025050	11845.203125
10729.450330	0.090472	0.025050	11926.627930
10729.451254	0.090483	0.025050	12010.234375
10729.452115	0.090615	0.025050	12088.253906
10729.453154	0.090527	0.025050	12182.311523
10729.454045	0.090476	0.025050	12262.925781
10729.454918	0.090549	0.025050	12341.975586
10729.455911	0.090608	0.025050	12431.949219
10730.493384	1.454066	0.024833	632.518799
10730.494257	1.904202	0.024833	2294.886963
10730.495123	1.860916	0.024833	3906.439941
10730.496165	1.795302	0.024833	5777.144043
10730.497060	1.738231	0.024833	7332.860840
10730.497938	1.685695	0.024833	8812.900391
10730.498871	1.632228	0.024833	10335.768555
10730.499864	1.255272	0.024833	11582.253906
10730.500786	0.109146	0.024833	11682.885742
10730.501665	0.090410	0.024833	11762.356445
10730.502662	0.090560	0.024833	11852.645508
10730.503567	0.090491	0.024833	11934.540039
10730.504474	0.090560	0.024833	12016.678711
10730.505340	0.090637	0.024833	12095.170898
10730.506379	0.090447	0.024833	12189.145508
10730.507266	0.090513	0.024833	12269.430664
10730.508130	0.090615	0.024833	12347.722656
10730.509203	0.090560	0.024833	12444.893555
10731.530678	1.438572	0.024317	605.638733
10731.531717	1.898690	0.024317	2578.377686
10731.532752	1.842968	0.024317	4485.849121
10731.533646	1.783722	0.024317	6080.496582
10731.534581	1.725513	0.024317	7693.850586
10731.535639	1.662924	0.024317	9453.223633
10731.536573	1.610570	0.024317	10957.496094
10731.537440	0.841498	0.024317	11687.074219
10731.538487	0.090897	0.024317	11782.243164
10731.539506	0.090582	0.024317	11874.546875
10731.540388	0.090659	0.024317	11954.507812
10731.541354	0.090645	0.024317	12042.070312
10731.542404	0.090597	0.024317	12137.197266
10731.543325	0.090582	0.024317	12220.624023
10731.544181	0.090575	0.024317	12298.156250
10731.545219	0.090630	0.024317	12392.230469
10731.546228	0.090560	0.024317	12483.605469
10731.547108	0.090590	0.024317	12563.324219
10732.584398	1.468074	0.031705	635.675903
10732.585305	1.901008	0.031705	2359.890381
10732.586331	1.850163	0.031705	4258.158203
10732.587239	1.790435	0.031705	5883.873047
10732.588115	1.735327	0.031705	7404.019531
10732.589223	1.670501	0.031705	9254.933594
10732.590127	1.618550	0.031705	10718.102539
10732.591001	1.080084	0.031705	11662.095703
10732.592019	0.093735	0.031705	11757.518555
10732.592995	0.090458	0.031705	11845.805664
10732.593865	0.090505	0.031705	11924.544922
10732.594720	0.090564	0.031705	12001.977539
10732.595829	0.090509	0.031705	12102.351562
10732.596727	0.090553	0.031705	12183.667969
10732.597604	0.090601	0.031705	12263.125000
10732.598600	0.090575	0.031705	12353.337891
10732.599587	0.090483	0.031705	12442.644531
10732.600480	0.090568	0.031705	12523.521484
10733.621769	1.522797	0.027805	759.875488
10733.622768	1.897599	0.027805	2655.576660
10733.623669	1.848215	0.027805	4320.818848
10733.624661	1.784169	0.027805	6090.714355
10733.625721	1.718302	0.027805	7912.114258
10733.626623	1.664198	0.027805	9413.220703
10733.627491	1.613415	0.027805	10813.665039
10733.628581	0.642810	0.027805	11514.328125
10733.629546	0.090289	0.027805	11601.457031
10733.630408	0.090494	0.027805	11679.462891
10733.631499	0.090571	0.027805	11778.276367
10733.632534	0.090538	0.027805	11871.983398
10733.633417	0.090571	0.027805	11951.958008
10733.634341	0.090546	0.027805	12035.622070
10733.635397	0.090623	0.027805	12131.319336
10733.636348	0.090568	0.027805	12217.449219
10733.637205	0.090538	0.027805	12295.041016
10733.638234	0.090710	0.027805	12388.381836
10734.675481	1.532519	0.026037	773.922302
10734.676391	1.901114	0.026037	2503.936523
10734.677256	1.853284	0.026037	4107.026855
10734.678339	1.785205	0.026037	6040.403809
10734.679330	1.723206	0.026037	7748.100586
10734.680209	1.670936	0.026037	9216.853516
10734.681184	1.615726	0.026037	10792.186523
10734.682268	0.685228	0.026037	11534.973633
10734.683152	0.090472	0.026037	11614.951172
10734.684021	0.090560	0.026037	11693.648437
10734.685101	0.090601	0.026037	11791.497070
10734.686071	0.090505	0.026037	11879.287109
10734.686954	0.090454	0.026037	11959.158203
10734.687945	0.090714	0.026037	12049.055664
10734.688996	0.090597	0.026037	12144.273437
10734.689880	0.090505	0.026037	12224.280273
10734.690750	0.090571	0.026037	12303.077148
10734.691836	0.090648	0.026037	12401.521484
10735.711760	1.526451	0.026561	772.384460
10735.712714	1.899833	0.026561	2584.824951
10735.713580	1.852507	0.026561	4189.096191
10735.714622	1.784868	0.026561	6048.928711
10735.715671	1.720042	0.026561	7853.252441
10735.716567	1.666633	0.026561	9346.555664
10735.717503	1.614034	0.026561	10857.291992
10735.718565	0.638881	0.026561	11535.783203
10735.719499	0.090366	0.026561	11620.185547
10735.720357	0.090476	0.026561	11697.814453
10735.721410	0.090681	0.026561	11793.301758
10735.722417	0.090502	0.026561	11884.436523
10735.723305	0.090527	0.026561	11964.825195
10735.724262	0.090659	0.026561	12051.585937
10735.725319	0.090604	0.026561	12147.354492
10735.726236	0.090590	0.026561	12230.424805
10735.727092	0.090667	0.026561	12308.035156
10735.728141	0.090564	0.026561	12403.037109
10736.767503	1.491237	0.024575	757.548157
10736.768558	1.894732	0.024575	2756.489990
10736.769493	1.841851	0.024575	4478.620117
10736.770361	1.783704	0.024575	6026.875000
10736.771441	1.718225	0.024575	7882.558105
10736.772437	1.659104	0.024575	9535.025391
10736.773315	1.609852	0.024575	10948.475586
10736.774324	0.644626	0.024575	11598.903320
10736.775364	0.090392	0.024575	11692.911133
10736.776260	0.090487	0.024575	11773.987305
10736.777119	0.090531	0.024575	11851.753906
10736.778200	0.090641	0.024575	11949.736328
10736.779185	0.090509	0.024575	12038.887695
10736.780058	0.090538	0.024575	12117.927734
10736.781029	0.090656	0.024575	12205.954102
10736.782088	0.090652	0.024575	12301.954102
10736.782993	0.090509	0.024575	12383.865234
10736.783857	0.090612	0.024575	12462.153320
10737.802690	1.450807	0.027624	625.297729
10737.803556	1.903187	0.027624	2273.457764
10737.804625	1.849519	0.027624	4250.593750
10737.805633	1.784172	0.027624	6049.039551
10737.806535	1.728157	0.027624	7607.836914
10737.807517	1.670321	0.027624	9248.091797
10737.808579	1.610581	0.027624	10958.529297
10737.809493	0.746235	0.027624	11640.588867
10737.810352	0.091135	0.027624	11718.874023
10737.811451	0.090608	0.027624	11818.452148
10737.812409	0.090476	0.027624	11905.127930
10737.813284	0.090564	0.027624	11984.371094
10737.814289	0.090670	0.027624	12075.494141
10737.815331	0.090571	0.027624	12169.869141
10737.816224	0.090516	0.027624	12250.700195
10737.817080	0.090615	0.027624	12328.266602
10737.818188	0.090699	0.027624	12428.761719
10737.819144	0.090546	0.027624	12515.323242
10738.859447	1.440637	0.031165	606.508301
10738.860309	1.902199	0.031165	2246.203613
10738.861424	1.848076	0.031165	4306.808594
10738.862395	1.785458	0.031165	6040.488281
10738.863264	1.730662	0.031165	7544.433105
10738.864334	1.667062	0.031165	9328.189453
10738.865370	1.609581	0.031165	10995.715820
10738.866265	0.741643	0.031165	11659.486328
10738.867198	0.091150	0.031165	11744.529297
10738.868261	0.090707	0.031165	11840.950195
10738.869183	0.090593	0.031165	11924.477539
10738.870044	0.090634	0.031165	12002.512695
10738.871073	0.090674	0.031165	12095.816406
10738.872093	0.090568	0.031165	12188.195312
10738.872970	0.090546	0.031165	12267.603516
10738.873920	0.090634	0.031165	12353.705078
10738.874969	0.090626	0.031165	12448.772461
10738.875892	0.090626	0.031165	12532.420898
10739.891738	1.539009	0.031117	784.894531
10739.892633	1.901089	0.031117	2486.369141
10739.893512	1.854833	0.031117	4116.767090
10739.894499	1.790922	0.031117	5884.406738
10739.895496	1.728168	0.031117	7607.390137
10739.896387	1.675280	0.031117	9100.064453
10739.897254	1.623929	0.031117	10508.011719
10739.898365	0.903329	0.031117	11511.610352
10739.899278	0.091846	0.031117	11595.465820
10739.900151	0.090388	0.031117	11674.375000
10739.901155	0.090667	0.031117	11765.404297
10739.902146	0.090520	0.031117	11855.109375
10739.903023	0.090593	0.031117	11934.559570
10739.904018	0.090652	0.031117	12024.757812
10739.905074	0.090597	0.031117	12120.427734
10739.905964	0.090582	0.031117	12201.045898
10739.906821	0.090568	0.031117	12278.662109
10739.907894	0.090670	0.031117	12375.951172
10740.950567	1.523822	0.025751	813.720947
10740.951633	1.893248	0.025751	2831.923828
10740.952541	1.840939	0.025751	4503.496094
10740.953407	1.781752	0.025751	6046.493164
10740.954523	1.715087	0.025751	7960.529785
10740.955489	1.658602	0.025751	9562.739258
10740.956362	1.609578	0.025751	10967.900391
10740.957445	0.507144	0.025751	11517.136719
10740.958490	0.090417	0.025751	11611.623047
10740.959383	0.090527	0.025751	11692.463867
10740.960305	0.090645	0.025751	11776.038086
10740.961341	0.090634	0.025751	11869.934570
10740.962281	0.090612	0.025751	11955.109375
10740.963143	0.090549	0.025751	12033.163086
10740.964188	0.090586	0.025751	12127.825195
10740.965209	0.090546	0.025751	12220.272461
10740.966085	0.090560	0.025751	12299.603516
10740.967041	0.090663	0.025751	12386.277344
10741.982650	1.443417	0.024973	612.008667
10741.983601	1.899928	0.024973	2418.840332
10741.984673	1.845604	0.024973	4397.328125
10741.985596	1.784330	0.024973	6044.264648
10741.986473	1.728827	0.024973	7560.445801
10741.987526	1.666761	0.024973	9315.545898
10741.988535	1.610167	0.024973	10940.205078
10741.989431	0.796384	0.024973	11653.765625
10741.990404	0.091575	0.024973	11742.868164
10741.991459	0.090560	0.024973	11838.409180
10741.992370	0.090582	0.024973	11920.929687
10741.993232	0.090604	0.024973	11999.030273
10741.994311	0.090612	0.024973	12096.799805
10741.995290	0.090498	0.024973	12185.397461
10741.996184	0.090542	0.024973	12266.341797
10741.997182	0.090677	0.024973	12356.837891
10741.998209	0.090645	0.024973	12449.929687
10741.999108	0.090568	0.024973	12531.349609
10743.043517	1.457139	0.030815	620.741089
10743.044578	1.897335	0.030815	2633.813965
10743.045509	1.846619	0.030815	4353.015625
10743.046390	1.789329	0.030815	5929.414062
10743.047366	1.728926	0.030815	7616.845703
10743.048397	1.667131	0.030815	9335.658203
10743.049291	1.616609	0.030815	10780.906250
10743.050261	0.858732	0.030815	11613.875977
10743.051321	0.090721	0.030815	11710.041016
10743.052242	0.090597	0.030815	11793.480469
10743.053102	0.090626	0.030815	11871.418945
10743.054183	0.090688	0.030815	11969.453125
10743.055164	0.090520	0.030815	12058.252930
10743.056048	0.090560	0.030815	12138.308594
10743.057033	0.090677	0.030815	12227.625977
10743.058070	0.090612	0.030815	12321.589844
10743.058970	0.090557	0.030815	12403.090820
10743.059827	0.090575	0.030815	12480.713867
10744.080021	1.417013	0.029074	9562.002930
