time (s)	coil I (A)	last det (V)	int current (uC)
3634.979086	1.511305	0.845941	755.652466
3634.979969	1.887843	0.845941	2422.617676
3634.980878	1.839792	0.845941	4094.989014
3634.981972	1.772065	0.845941	6033.628418
3634.982925	1.714127	0.845941	7667.191406
3634.983787	1.663806	0.845941	9101.392578
3634.984810	1.607860	0.845941	10746.233398
3634.985854	0.682079	0.845941	11458.324219
3634.986744	0.090447	0.845941	11538.822266
3634.987691	0.090579	0.845941	11624.600586
3634.988750	0.090571	0.845941	11720.515625
3634.989681	0.090469	0.845941	11804.742187
3634.990545	0.090560	0.845941	11882.986328
3634.991612	0.090615	0.845941	11979.672852
3634.992625	0.090469	0.845941	12071.317383
3634.993509	0.090458	0.845941	12151.282227
3634.994481	0.090516	0.845941	12239.263672
3634.995532	0.090590	0.845941	12334.473633
3636.030663	1.469062	0.830678	634.634949
3636.031538	1.888004	0.830678	2286.638672
3636.032582	1.836823	0.830678	4204.281250
3636.033474	1.779847	0.830678	5791.905273
3636.034357	1.725904	0.830678	7315.878906
3636.035354	1.669457	0.830678	8980.327148
3636.036306	1.616400	0.830678	10519.139648
3636.037232	1.132928	0.830678	11568.231445
3636.038096	0.101429	0.830678	11655.866211
3636.039153	0.090443	0.830678	11751.464844
3636.040027	0.090428	0.830678	11830.499023
3636.040895	0.090421	0.830678	11908.984375
3636.041847	0.090568	0.830678	11995.205078
3636.042799	0.090494	0.830678	12081.355469
3636.043715	0.090516	0.830678	12164.268555
3636.044590	0.090524	0.830678	12243.476562
3636.045614	0.090447	0.830678	12336.093750
3636.046518	0.090454	0.830678	12417.864258
3637.071184	1.581650	0.827028	906.285645
3637.072241	1.879160	0.827028	2892.558105
3637.073124	1.826982	0.827028	4505.783691
3637.074047	1.768312	0.827028	6137.935547
3637.075118	1.704250	0.827028	7963.187500
3637.076069	1.650622	0.827028	9532.929687
3637.076935	1.603041	0.827028	10921.163086
3637.077982	0.588058	0.827028	11536.859375
3637.079008	0.090344	0.827028	11629.552734
3637.079882	0.090579	0.827028	11708.718750
3637.080842	0.090630	0.827028	11795.723633
3637.081891	0.090531	0.827028	11890.690430
3637.082829	0.090601	0.827028	11975.673828
3637.083694	0.090480	0.827028	12053.938477
3637.084736	0.090542	0.827028	12148.283203
3637.085748	0.090494	0.827028	12239.863281
3637.086639	0.090491	0.827028	12320.490234
3637.087610	0.090579	0.827028	12408.442383
3638.121047	1.576956	0.809408	917.788147
3638.122114	1.878314	0.809408	2921.949463
3638.123003	1.825415	0.809408	4544.743164
3638.123914	1.766774	0.809408	6154.273926
3638.125007	1.702507	0.809408	8015.114258
3638.125959	1.648964	0.809408	9584.927734
3638.126821	1.601448	0.809408	10965.375977
3638.127865	0.516837	0.809408	11504.954102
3638.128891	0.090319	0.809408	11597.621094
3638.129783	0.090568	0.809408	11678.407227
3638.130734	0.090601	0.809408	11764.568359
3638.131787	0.090560	0.809408	11859.928711
3638.132716	0.090487	0.809408	11943.991211
3638.133580	0.090483	0.809408	12022.168945
3638.134636	0.090535	0.809408	12117.773437
3638.135634	0.090582	0.809408	12208.174805
3638.136526	0.090469	0.809408	12288.873047
3638.137498	0.090656	0.809408	12376.990234
3639.163837	1.438660	0.850272	605.675720
3639.164884	1.884148	0.850272	2578.378662
3639.165835	1.833223	0.850272	4321.773437
3639.166707	1.776767	0.850272	5871.114746
3639.167641	1.719803	0.850272	7477.411133
3639.168707	1.659441	0.850272	9246.375000
3639.169605	1.610559	0.850272	10692.657227
3639.170483	1.026804	0.850272	11594.191406
3639.171513	0.092377	0.850272	11689.339844
3639.172472	0.090557	0.850272	11776.183594
3639.173350	0.090535	0.850272	11855.672852
3639.174236	0.090656	0.850272	11935.993164
3639.175323	0.090564	0.850272	12034.436523
3639.176210	0.090447	0.850272	12114.663086
3639.177092	0.090516	0.850272	12194.498047
3639.178164	0.090659	0.850272	12291.684570
3639.179123	0.090425	0.850272	12378.402344
3639.179986	0.090458	0.850272	12456.467773
3640.211209	1.515282	0.822939	760.671509
3640.212206	1.883811	0.822939	2638.831055
3640.213104	1.834208	0.822939	4285.949707
3640.214110	1.770894	0.822939	6067.468750
3640.215160	1.707920	0.822939	7860.784668
3640.216063	1.655695	0.822939	9355.876953
3640.216929	1.606728	0.822939	10747.303711
3640.218036	0.636222	0.822939	11451.601562
3640.218992	0.090278	0.822939	11537.907227
3640.219917	0.090403	0.822939	11621.530273
3640.220777	0.090487	0.822939	11699.349609
3640.221862	0.090498	0.822939	11797.540039
3640.222735	0.090436	0.822939	11876.490234
3640.223602	0.090505	0.822939	11954.958008
3640.224458	0.090483	0.822939	12032.412109
3640.225510	0.090465	0.822939	12127.581055
3640.226398	0.090447	0.822939	12207.897461
3640.227275	0.090472	0.822939	12287.242187
3641.255168	1.503713	0.842654	736.819580
3641.256051	1.888015	0.842654	2403.937012
3641.256972	1.840832	0.842654	4099.343750
3641.258047	1.772589	0.842654	6004.876953
3641.258997	1.715090	0.842654	7634.212891
3641.259862	1.664919	0.842654	9074.368164
3641.260913	1.608208	0.842654	10764.594727
3641.261943	0.694167	0.842654	11479.586914
3641.262818	0.090758	0.842654	11559.000000
3641.263790	0.090480	0.842654	11646.946289
3641.264840	0.090557	0.842654	11742.030273
3641.265766	0.090461	0.842654	11825.797852
3641.266623	0.090432	0.842654	11903.297852
3641.267670	0.090557	0.842654	11998.110352
3641.268680	0.090494	0.842654	12089.509766
3641.269570	0.090480	0.842654	12170.037109
3641.270549	0.090531	0.842654	12258.666992
3641.271600	0.090520	0.842654	12353.803711
3642.302906	1.437063	0.820128	607.877625
3642.303900	1.885276	0.820128	2481.841797
3642.304947	1.830872	0.820128	4398.764648
3642.305858	1.771963	0.820128	6013.022949
3642.306726	1.717185	0.820128	7503.539551
3642.307826	1.656910	0.820128	9326.140625
3642.308794	1.604440	0.820128	10879.238281
3642.309664	0.838033	0.820128	11608.327148
3642.310717	0.091022	0.820128	11704.172852
3642.311744	0.090502	0.820128	11797.118164
3642.312629	0.090410	0.820128	11877.130859
3642.313567	0.090568	0.820128	11962.083008
3642.314638	0.090531	0.820128	12059.041992
3642.315577	0.090476	0.820128	12143.999023
3642.316435	0.090465	0.820128	12221.618164
3642.317462	0.090498	0.820128	12314.559570
3642.318478	0.090494	0.820128	12406.501953
3642.319369	0.090443	0.820128	12487.086914
3643.347249	1.576176	0.818484	843.253906
3643.348297	1.880328	0.818484	2813.838135
3643.349190	1.828513	0.818484	4446.700195
3643.350129	1.768997	0.818484	6107.788086
3643.351200	1.704379	0.818484	7933.177734
3643.352155	1.650417	0.818484	9509.326172
3643.353029	1.602638	0.818484	10910.031250
3643.354088	0.546043	0.818484	11488.290039
3643.355105	0.090344	0.818484	11580.169922
3643.356000	0.090399	0.818484	11661.077148
3643.356972	0.090531	0.818484	11749.073242
3643.358020	0.090546	0.818484	11843.964844
3643.358942	0.090520	0.818484	11927.423828
3643.359804	0.090428	0.818484	12005.373047
3643.360877	0.090560	0.818484	12102.543945
3643.361868	0.090476	0.818484	12192.206055
3643.362751	0.090560	0.818484	12272.170898
3643.363748	0.090590	0.818484	12362.488281
3644.394268	1.530242	0.822496	778.893005
3644.395238	1.884386	0.822496	2606.747314
3644.396107	1.836727	0.822496	4202.863281
3644.397146	1.770179	0.822496	6042.079590
3644.398191	1.707517	0.822496	7826.435059
3644.399091	1.655859	0.822496	9316.708984
3644.400025	1.605743	0.822496	10816.473633
3644.401082	0.616743	0.822496	11468.371094
3644.402024	0.090311	0.822496	11553.444336
3644.402890	0.090487	0.822496	11631.805664
3644.403947	0.090531	0.822496	11727.497070
3644.404965	0.090513	0.822496	11819.638672
3644.405858	0.090370	0.822496	11900.338867
3644.406820	0.090549	0.822496	11987.447266
3644.407863	0.090483	0.822496	12081.821289
3644.408789	0.090439	0.822496	12165.568359
3644.409655	0.090458	0.822496	12243.904297
3644.410733	0.090593	0.822496	12341.563477
3645.438195	1.511298	0.814085	720.888977
3645.439079	1.888246	0.814085	2390.098389
3645.440052	1.838774	0.814085	4179.226074
3645.441112	1.770428	0.814085	6055.880371
3645.442036	1.714307	0.814085	7639.899414
3645.442910	1.663246	0.814085	9093.576172
3645.443986	1.605934	0.814085	10821.560547
3645.444983	0.685774	0.814085	11505.277344
3645.445874	0.090502	0.814085	11585.914062
3645.446841	0.090557	0.814085	11673.482422
3645.447885	0.090560	0.814085	11768.027344
3645.448797	0.090524	0.814085	11850.584961
3645.449659	0.090505	0.814085	11928.600586
3645.450742	0.090553	0.814085	12026.669922
3645.451730	0.090571	0.814085	12116.154297
3645.452616	0.090520	0.814085	12196.355469
3645.453617	0.090590	0.814085	12287.036133
3645.454674	0.090472	0.814085	12382.665039
3646.486842	1.572253	0.844036	869.456116
3646.487904	1.879237	0.844036	2865.206055
3646.488796	1.826697	0.844036	4494.619629
3646.489687	1.768579	0.844036	6070.423828
3646.490793	1.703807	0.844036	7954.834961
3646.491743	1.650571	0.844036	9522.877930
3646.492615	1.602971	0.844036	10920.668945
3646.493674	0.537920	0.844036	11490.326172
3646.494700	0.090256	0.844036	11582.928711
3646.495590	0.090483	0.844036	11663.458984
3646.496557	0.090509	0.844036	11750.981445
3646.497603	0.090494	0.844036	11845.638672
3646.498527	0.090476	0.844036	11929.238281
3646.499386	0.090432	0.844036	12006.919922
3646.500432	0.090531	0.844036	12101.615234
3646.501437	0.090527	0.844036	12192.595703
3646.502314	0.090524	0.844036	12271.985352
3646.503270	0.090623	0.844036	12358.620117
3647.526339	1.447855	0.827016	621.129883
3647.527293	1.885950	0.827016	2420.325928
3647.528289	1.836083	0.827016	4249.064453
3647.529220	1.776786	0.827016	5903.251953
3647.530094	1.723004	0.827016	7409.157715
3647.531142	1.664560	0.827016	9153.617187
3647.532017	1.615012	0.827016	10566.752930
3647.532886	1.171842	0.827016	11585.083984
3647.533915	0.096405	0.827016	11684.285156
3647.534895	0.090406	0.827016	11772.883789
3647.535767	0.090516	0.827016	11851.814453
3647.536626	0.090542	0.827016	11929.589844
3647.537746	0.090513	0.827016	12030.963867
3647.538655	0.090396	0.827016	12113.133789
3647.539518	0.090432	0.827016	12191.176758
3647.540598	0.090630	0.827016	12289.056641
3647.541585	0.090505	0.827016	12378.385742
3647.542455	0.090505	0.827016	12457.125000
3648.581133	1.528055	0.798383	762.499634
3648.582020	1.887389	0.798383	2436.613525
3648.582954	1.838291	0.798383	4153.577148
3648.584042	1.770062	0.798383	6079.404785
3648.584967	1.713358	0.798383	7664.261230
3648.585839	1.662997	0.798383	9114.394531
3648.586886	1.606256	0.798383	10796.144531
3648.587909	0.662827	0.798383	11474.216797
3648.588798	0.090476	0.798383	11554.650391
3648.589760	0.090538	0.798383	11641.748047
3648.590814	0.090560	0.798383	11737.198242
3648.591739	0.090476	0.798383	11820.888672
3648.592604	0.090480	0.798383	11899.153320
3648.593677	0.090564	0.798383	11996.328125
3648.594669	0.090458	0.798383	12086.062500
3648.595559	0.090469	0.798383	12166.580078
3648.596541	0.090535	0.798383	12255.485352
3648.597580	0.090458	0.798383	12349.470703
3649.616062	1.442611	0.822710	610.224487
3649.616989	1.886660	0.822710	2359.158691
3649.617997	1.836654	0.822710	4210.505859
3649.618891	1.779302	0.822710	5801.201660
3649.619766	1.725879	0.822710	7311.345703
3649.620771	1.668409	0.822710	8988.097656
3649.621687	1.616862	0.822710	10469.142578
3649.622613	1.167953	0.822710	11550.666992
3649.623490	0.103293	0.822710	11641.254883
3649.624550	0.090458	0.822710	11737.139648
3649.625437	0.090520	0.822710	11817.430664
3649.626300	0.090582	0.822710	11895.603516
3649.627389	0.090571	0.822710	11994.235352
3649.628312	0.090439	0.822710	12077.710937
3649.629184	0.090505	0.822710	12156.631836
3649.630187	0.090604	0.822710	12247.507812
3649.631176	0.090531	0.822710	12337.042969
3649.632060	0.090458	0.822710	12417.007812
3650.673420	1.518168	0.816361	766.674683
3650.674428	1.882998	0.816361	2664.736816
3650.675327	1.832999	0.816361	4312.603516
3650.676314	1.770996	0.816361	6060.576660
3650.677363	1.707847	0.816361	7852.107910
3650.678270	1.655929	0.816361	9354.035156
3650.679132	1.607384	0.816361	10739.600586
3650.680230	0.678702	0.816361	11484.815430
3650.681226	0.090330	0.816361	11574.784180
3650.682104	0.090494	0.816361	11654.238281
3650.683116	0.090597	0.816361	11745.922852
3650.684145	0.090535	0.816361	11839.083008
3650.685020	0.090461	0.816361	11918.236328
3650.685878	0.090494	0.816361	11995.880859
3650.686976	0.090553	0.816361	12095.307617
3650.687938	0.090461	0.816361	12182.331055
3650.688802	0.090450	0.816361	12260.480469
3650.689839	0.090648	0.816361	12354.482422
