time (s)	coil I (A)	last det (V)	int current (uC)
10158.339627	1.556532	1.634638	796.944336
10158.340573	1.902506	1.634638	2596.715088
10158.341508	1.851544	1.634638	4327.908691
10158.342383	0.788031	1.634638	5017.435547
10158.343425	0.090630	1.634638	5111.872070
10158.344321	0.090524	1.634638	5192.981445
10158.345204	0.090604	1.634638	5272.984863
10158.346145	0.090652	1.634638	5358.288086
10158.347143	0.090601	1.634638	5448.707520
10158.348061	0.090553	1.634638	5531.834961
10158.348918	0.090557	1.634638	5609.441895
10158.349984	0.090637	1.634638	5706.061035
10158.350881	0.090560	1.634638	5787.293457
10158.351753	0.090586	1.634638	5866.284180
10159.400419	1.485377	1.634549	659.507446
10159.401295	1.907472	1.634549	2330.452881
10159.402159	1.863849	1.634549	3940.818359
10159.403228	0.897913	1.634549	4900.687012
10159.404107	0.091512	1.634549	4981.126465
10159.404963	0.090608	1.634549	5058.687012
10159.406008	0.090699	1.634549	5153.467773
10159.406970	0.090549	1.634549	5240.576172
10159.407846	0.090656	1.634549	5319.990234
10159.408703	0.090634	1.634549	5397.663086
10159.409806	0.090645	1.634549	5497.644043
10159.410706	0.090571	1.634549	5579.158203
10159.411579	0.090564	1.634549	5658.220703
10159.412570	0.090677	1.634549	5748.082031
10160.431566	1.462906	1.634602	649.530457
10160.432652	1.898577	1.634602	2711.384766
10160.433619	1.845018	1.634602	4495.517578
10160.434498	0.583491	1.634602	5008.406250
10160.435508	0.090524	1.634602	5099.834961
10160.436538	0.090571	1.634602	5193.123535
10160.437429	0.090542	1.634602	5273.796387
10160.438335	0.090590	1.634602	5355.870605
10160.439398	0.090597	1.634602	5452.175293
10160.440344	0.090575	1.634602	5537.859375
10160.441204	0.090586	1.634602	5615.763184
10160.442246	0.090677	1.634602	5710.249023
10160.443264	0.090579	1.634602	5802.458008
10160.444140	0.090494	1.634602	5881.730957
10161.491383	1.454517	1.634827	610.896973
10161.492479	1.899232	1.634827	2692.455566
10161.493450	1.846040	1.634827	4484.960449
10161.494328	0.599872	1.634827	5011.647949
10161.495395	0.090560	1.634827	5108.275879
10161.496425	0.090590	1.634827	5201.583008
10161.497312	0.090564	1.634827	5281.913086
10161.498237	0.090597	1.634827	5365.715332
10161.499282	0.090571	1.634827	5460.362305
10161.500228	0.090509	1.634827	5545.983887
10161.501090	0.090535	1.634827	5624.024902
10161.502117	0.090663	1.634827	5717.135742
10161.503137	0.090579	1.634827	5809.525879
10161.504017	0.090612	1.634827	5889.264160
10162.524597	1.450708	1.634880	607.846680
10162.525708	1.898752	1.634880	2717.360596
10162.526678	1.845560	1.634880	4507.554199
10162.527544	0.598425	1.634880	5025.790527
10162.528602	0.090597	1.634880	5121.642090
10162.529656	0.090634	1.634880	5217.169922
10162.530532	0.090538	1.634880	5296.481445
10162.531456	0.090571	1.634880	5380.169434
10162.532510	0.090604	1.634880	5475.666504
10162.533449	0.090546	1.634880	5560.688965
10162.534317	0.090571	1.634880	5639.304687
10162.535357	0.090641	1.634880	5733.571289
10162.536380	0.090560	1.634880	5826.214355
10162.537272	0.090560	1.634880	5906.994141
10163.580343	1.438982	1.634827	602.933411
10163.581219	1.904293	1.634827	2271.094238
10163.582339	1.849567	1.634827	4342.608887
10163.583301	0.589633	1.634827	4909.835449
10163.584174	0.090414	1.634827	4988.766602
10163.585210	0.090637	1.634827	5082.666992
10163.586237	0.090593	1.634827	5175.706055
10163.587128	0.090575	1.634827	5256.408203
10163.588058	0.090659	1.634827	5340.721191
10163.589096	0.090656	1.634827	5434.821777
10163.590042	0.090601	1.634827	5520.529785
10163.590963	0.090601	1.634827	5603.973145
10163.591822	0.090549	1.634827	5681.754883
10163.592871	0.090619	1.634827	5776.813965
10164.620734	1.447126	1.634698	613.581604
10164.621783	1.900587	1.634698	2607.297363
10164.622804	1.845425	1.634698	4491.476074
10164.623697	0.560541	1.634698	4992.039062
10164.624625	0.090487	1.634698	5076.011230
10164.625667	0.090626	1.634698	5170.443848
10164.626608	0.090531	1.634698	5255.633301
10164.627472	0.090590	1.634698	5333.902832
10164.628513	0.090659	1.634698	5428.278809
10164.629529	0.090648	1.634698	5520.377441
10164.630397	0.090612	1.634698	5599.028320
10164.631349	0.090659	1.634698	5685.335937
10164.632396	0.090645	1.634698	5780.240723
10164.633323	0.090575	1.634698	5864.203613
10165.668281	1.441611	1.634594	608.359985
10165.669305	1.902301	1.634594	2556.316406
10165.670214	1.853547	1.634594	4241.190918
10165.671098	0.855776	1.634594	4997.697266
10165.672025	0.091655	1.634594	5082.661621
10165.673017	0.090494	1.634594	5172.432129
10165.673910	0.090546	1.634594	5253.289551
10165.674797	0.090524	1.634594	5333.583984
10165.675805	0.090586	1.634594	5424.894531
10165.676710	0.090491	1.634594	5506.788574
10165.677627	0.090531	1.634594	5589.805664
10165.678487	0.090645	1.634594	5667.759766
10165.679542	0.090564	1.634594	5763.304687
10165.680410	0.090513	1.634594	5841.869629
10166.712784	1.482034	1.634674	659.505005
10166.713663	1.906428	1.634674	2335.255371
10166.714665	1.855792	1.634674	4194.759277
10166.715714	0.633069	1.634674	4858.848633
10166.716614	0.090509	1.634674	4940.306641
10166.717470	0.090619	1.634674	5017.876465
10166.718549	0.090743	1.634674	5115.788574
10166.719546	0.090568	1.634674	5206.084473
10166.720427	0.090575	1.634674	5285.880859
10166.721425	0.090670	1.634674	5376.369629
10166.722463	0.090601	1.634674	5470.413086
10166.723345	0.090590	1.634674	5550.312988
10166.724215	0.090615	1.634674	5629.148437
10166.725315	0.090656	1.634674	5728.869629
10167.760334	1.474296	1.634799	645.741455
10167.761202	1.906827	1.634799	2300.867676
10167.762202	1.856477	1.634799	4157.344727
10167.763121	0.871626	1.634799	4958.369141
10167.764001	0.091384	1.634799	5038.787109
10167.764976	0.090630	1.634799	5127.151367
10167.765978	0.090553	1.634799	5217.885254
10167.766867	0.090480	1.634799	5298.321777
10167.767729	0.090590	1.634799	5376.410156
10167.768813	0.090586	1.634799	5474.605469
10167.769736	0.090476	1.634799	5558.114746
10167.770614	0.090549	1.634799	5637.617187
10167.771593	0.090634	1.634799	5726.347656
10167.772611	0.090527	1.634799	5818.504395
10168.804884	1.531099	1.634710	773.204773
10168.805897	1.899027	1.634710	2696.919434
10168.806791	1.849655	1.634710	4350.510742
10168.807781	0.609551	1.634710	4953.965820
10168.808842	0.090443	1.634710	5049.925781
10168.809753	0.090461	1.634710	5132.335937
10168.810612	0.090571	1.634710	5210.136719
10168.811711	0.090626	1.634710	5309.734863
10168.812676	0.090520	1.634710	5397.086914
10168.813586	0.090505	1.634710	5479.446777
10168.814465	0.090509	1.634710	5559.004395
10168.815467	0.090590	1.634710	5649.775391
10168.816379	0.090527	1.634710	5732.336426
10168.817298	0.090465	1.634710	5815.473633
10169.852406	1.523320	1.634674	719.007202
10169.853290	1.905421	1.634674	2403.399414
10169.854151	1.859828	1.634674	4004.711182
10169.855228	0.790887	1.634674	4856.497070
10169.856135	0.090483	1.634674	4938.565430
10169.857013	0.090531	1.634674	5018.051758
10169.857977	0.090579	1.634674	5105.369629
10169.858997	0.090568	1.634674	5197.748535
10169.859883	0.090549	1.634674	5277.975098
10169.860845	0.090623	1.634674	5365.153809
10169.861903	0.090604	1.634674	5461.013184
10169.862833	0.090524	1.634674	5545.200195
10169.863695	0.090571	1.634674	5623.272461
10169.864769	0.090685	1.634674	5720.667969
10170.893753	1.458812	1.634690	617.077637
10170.894845	1.898903	1.634690	2690.679199
10170.895824	1.845304	1.634690	4497.231445
10170.896699	0.592709	1.634690	5015.851562
10170.897754	0.090538	1.634690	5111.369629
10170.898793	0.090542	1.634690	5205.442871
10170.899680	0.090557	1.634690	5285.766602
10170.900567	0.090601	1.634690	5366.129395
10170.901665	0.090670	1.634690	5465.685059
10170.902618	0.090516	1.634690	5551.947266
10170.903479	0.090549	1.634690	5629.910156
10170.904525	0.090681	1.634690	5724.762695
10170.905548	0.090575	1.634690	5817.420898
10170.906427	0.090531	1.634690	5896.997559
10171.946430	1.451411	1.634735	621.203979
10171.947410	1.901968	1.634735	2485.132324
10171.948458	1.847710	1.634735	4421.532227
10171.949384	0.579617	1.634735	4958.257324
10171.950240	0.090520	1.634735	5035.742676
10171.951316	0.090652	1.634735	5133.284180
10171.952301	0.090575	1.634735	5222.500488
10171.953174	0.090619	1.634735	5301.610840
10171.954176	0.090637	1.634735	5392.429199
10171.955229	0.090659	1.634735	5487.893555
10171.956107	0.090557	1.634735	5567.402344
10171.956971	0.090626	1.634735	5645.703613
10171.958072	0.090784	1.634735	5745.656250
10171.959050	0.090538	1.634735	5834.202637
10172.982728	1.475321	1.634743	643.239990
10172.983603	1.906542	1.634743	2311.463867
10172.984610	1.855400	1.634743	4179.852051
10172.985593	0.715078	1.634743	4882.773926
10172.986513	0.090516	1.634743	4966.048828
10172.987376	0.090549	1.634743	5044.192871
10172.988470	0.090575	1.634743	5143.281738
10172.989370	0.090535	1.634743	5224.762695
10172.990249	0.090568	1.634743	5304.371582
10172.991259	0.090670	1.634743	5395.948242
10172.992245	0.090428	1.634743	5485.110840
10172.993133	0.090593	1.634743	5565.557617
10172.993988	0.090652	1.634743	5643.064941
10172.995073	0.090641	1.634743	5741.410156
10174.039486	1.445867	1.634698	615.939209
10174.040355	1.906157	1.634698	2272.389648
10174.041429	1.852368	1.634698	4261.833008
10174.042381	0.694468	1.634698	4922.966309
10174.043258	0.090645	1.634698	5002.461426
10174.044209	0.090670	1.634698	5088.688965
10174.045235	0.090494	1.634698	5181.536133
10174.046116	0.090531	1.634698	5261.293945
10174.046974	0.090586	1.634698	5339.016602
10174.048017	0.090692	1.634698	5433.608398
10174.048956	0.090472	1.634698	5518.562012
10174.049820	0.090560	1.634698	5596.806152
10174.050745	0.090637	1.634698	5680.645508
10174.051816	0.090593	1.634698	5777.670898
10175.072700	1.442179	1.634908	611.483887
10175.073671	1.902092	1.634908	2458.415527
10175.074744	1.847018	1.634908	4440.265625
10175.075672	0.558886	1.634908	4958.911133
10175.076527	0.090498	1.634908	5036.287109
10175.077577	0.090641	1.634908	5131.459961
10175.078584	0.090560	1.634908	5222.654297
10175.079475	0.090557	1.634908	5303.340332
10175.080458	0.090634	1.634908	5392.433105
10175.081505	0.090677	1.634908	5487.372559
10175.082416	0.090648	1.634908	5569.953125
10175.083277	0.090619	1.634908	5647.976074
10175.084364	0.090721	1.634908	5746.590332
10175.085353	0.090531	1.634908	5836.125488
10176.132539	1.442036	1.634807	605.655151
10176.133481	1.902843	1.634807	2398.133301
10176.134555	1.847878	1.634807	4382.754883
10176.135495	0.580862	1.634807	4928.765137
10176.136361	0.090513	1.634807	5007.148926
10176.137416	0.090692	1.634807	5102.829102
10176.138424	0.090590	1.634807	5194.143555
10176.139310	0.090586	1.634807	5274.402832
10176.140271	0.090685	1.634807	5361.550781
10176.141312	0.090645	1.634807	5455.911621
10176.142228	0.090568	1.634807	5538.871582
10176.143086	0.090571	1.634807	5616.581543
10176.144157	0.090626	1.634807	5713.642090
10176.145145	0.090590	1.634807	5803.144531
10177.163837	1.583709	1.634799	863.121155
10177.164873	1.896639	1.634799	2828.039551
10177.165778	1.845022	1.634799	4497.784180
10177.166721	0.577976	1.634799	5042.815430
10177.167768	0.090612	1.634799	5137.685547
10177.168697	0.090513	1.634799	5221.771973
10177.169557	0.090604	1.634799	5299.691406
10177.170590	0.090762	1.634799	5393.448242
10177.171604	0.090571	1.634799	5485.287598
10177.172486	0.090575	1.634799	5565.174805
10177.173430	0.090692	1.634799	5650.788086
10177.174496	0.090652	1.634799	5747.422852
10177.175413	0.090608	1.634799	5830.510254
10177.176277	0.090590	1.634799	5908.779785
10178.224660	1.520332	1.634662	778.409973
10178.225539	1.904740	1.634662	2452.676270
10178.226408	1.856495	1.634662	4065.970703
10178.227500	0.688846	1.634662	4818.190918
10178.228462	0.090414	1.634662	4905.168945
10178.229318	0.090601	1.634662	4982.723145
10178.230374	0.090619	1.634662	5078.416504
10178.231415	0.090612	1.634662	5172.743164
10178.232303	0.090546	1.634662	5253.147461
10178.233230	0.090597	1.634662	5337.130859
10178.234291	0.090681	1.634662	5433.343750
10178.235230	0.090604	1.634662	5518.420898
10178.236100	0.090575	1.634662	5597.221191
10178.237143	0.090656	1.634662	5691.774902
10179.254759	1.499150	1.634775	698.604065
10179.255640	1.905776	1.634775	2377.593018
10179.256514	1.861274	1.634775	4004.346924
10179.257488	0.986030	1.634775	4964.740234
10179.258453	0.091425	1.634775	5052.964844
10179.259371	0.090546	1.634775	5136.085937
10179.260234	0.090608	1.634775	5214.280762
10179.261249	0.090582	1.634775	5306.221680
10179.262134	0.090483	1.634775	5386.299316
10179.262996	0.090590	1.634775	5464.387695
10179.264053	0.090667	1.634775	5560.222168
10179.265022	0.090612	1.634775	5648.024902
10179.265891	0.090575	1.634775	5726.734375
10179.266769	0.090648	1.634775	5806.323730
10180.315577	1.441879	1.634799	608.472778
10180.316550	1.902158	1.634799	2459.272705
10180.317600	1.848036	1.634799	4399.710449
10180.318518	0.607815	1.634799	4957.684570
10180.319380	0.090557	1.634799	5035.744629
10180.320460	0.090623	1.634799	5133.617187
10180.321449	0.090557	1.634799	5223.177734
10180.322329	0.090557	1.634799	5302.867676
10180.323325	0.090604	1.634799	5393.109375
10180.324361	0.090593	1.634799	5486.963867
10180.325252	0.090535	1.634799	5567.630371
10180.326152	0.090575	1.634799	5649.147949
10180.327030	0.090615	1.634799	5728.708008
10180.328054	0.090586	1.634799	5821.467773
10181.345717	1.437891	1.634920	603.914062
10181.346740	1.901122	1.634920	2548.761719
10181.347773	1.846139	1.634920	4455.823242
10181.348670	0.581752	1.634920	4977.654297
10181.349606	0.090590	1.634920	5062.446289
10181.350668	0.090637	1.634920	5158.703125
10181.351612	0.090538	1.634920	5244.171387
10181.352475	0.090546	1.634920	5322.312500
10181.353540	0.090663	1.634920	5418.868652
10181.354551	0.090546	1.634920	5510.410156
10181.355437	0.090516	1.634920	5590.607422
10181.356386	0.090637	1.634920	5676.622070
10181.357426	0.090648	1.634920	5770.895996
10181.358353	0.090590	1.634920	5854.872559
10182.407672	1.514681	1.634666	733.105774
10182.408552	1.905385	1.634666	2409.844238
10182.409478	1.856840	1.634666	4129.277832
10182.410542	0.672451	1.634666	4844.765625
10182.411486	0.090344	1.634666	4930.050781
10182.412348	0.090604	1.634666	5008.151855
10182.413386	0.090641	1.634666	5102.237305
10182.414402	0.090575	1.634666	5194.261230
10182.415287	0.090513	1.634666	5274.364746
10182.416239	0.090604	1.634666	5360.620117
10182.417298	0.090637	1.634666	5456.604980
10182.418225	0.090553	1.634666	5540.547363
10182.419082	0.090593	1.634666	5618.185547
10182.420135	0.090747	1.634666	5713.742187
10183.437776	1.480258	1.634860	657.234314
10183.438655	1.906186	1.634860	2332.772217
10183.439639	1.856052	1.634860	4159.127930
10183.440683	0.671642	1.634860	4860.322266
10183.441601	0.090447	1.634860	4943.352539
10183.442462	0.090615	1.634860	5021.372070
10183.443546	0.090681	1.634860	5119.670410
10183.444533	0.090564	1.634860	5209.057129
10183.445424	0.090575	1.634860	5289.759277
10183.446406	0.090688	1.634860	5378.815430
10183.447463	0.090670	1.634860	5474.653809
10183.448359	0.090586	1.634860	5555.818848
10183.449221	0.090575	1.634860	5633.894531
10183.450311	0.090623	1.634860	5732.673340
10184.498626	1.461310	1.634767	626.901917
10184.499490	1.904235	1.634767	2272.160645
10184.500608	1.850478	1.634767	4340.995605
10184.501522	0.673260	1.634767	4956.355469
10184.502399	0.090557	1.634767	5035.773437
10184.503394	0.090619	1.634767	5125.939453
10184.504381	0.090531	1.634767	5215.293457
10184.505276	0.090597	1.634767	5296.377930
10184.506267	0.090703	1.634767	5386.264648
10184.507310	0.090601	1.634767	5480.761230
10184.508206	0.090575	1.634767	5561.916504
10184.509067	0.090615	1.634767	5639.936035
10184.510170	0.090641	1.634767	5739.913086
10184.511139	0.090509	1.634767	5827.616211
10185.529887	1.536185	1.634565	791.135437
10185.530900	1.898668	1.634565	2714.486328
10185.531778	1.849973	1.634565	4338.762695
10185.532787	0.620940	1.634565	4965.291016
10185.533831	0.090509	1.634565	5059.782227
10185.534727	0.090524	1.634565	5140.891602
10185.535627	0.090630	1.634565	5222.458496
10185.536507	0.090623	1.634565	5302.206543
10185.537525	0.090571	1.634565	5394.408203
10185.538422	0.090619	1.634565	5475.693359
10185.539297	0.090597	1.634565	5554.965820
10185.540262	0.090681	1.634565	5642.473145
10185.541216	0.090549	1.634565	5728.857422
10185.542138	0.090564	1.634565	5812.357422
10186.590708	1.511316	1.634779	711.829773
10186.591577	1.905963	1.634779	2368.111816
10186.592542	1.855452	1.634779	4158.622559
10186.593600	0.641865	1.634779	4837.715820
10186.594523	0.090377	1.634779	4921.133789
10186.595390	0.090575	1.634779	4999.662109
10186.596485	0.090608	1.634779	5098.877930
10186.597477	0.090524	1.634779	5188.677246
10186.598374	0.090527	1.634779	5269.880371
10186.599296	0.090538	1.634779	5353.356934
10186.600159	0.090458	1.634779	5431.421875
10186.601162	0.090465	1.634779	5522.158203
10186.602084	0.090527	1.634779	5605.624512
10186.602945	0.090553	1.634779	5683.590820
10187.620817	1.467821	1.634727	659.051636
10187.621686	1.906172	1.634727	2315.515137
10187.622702	1.855089	1.634727	4200.285645
10187.623749	0.640657	1.634727	4871.053223
10187.624629	0.090403	1.634727	4950.607910
10187.625509	0.090623	1.634727	5030.355957
10187.626607	0.090579	1.634727	5129.811035
10187.627560	0.090568	1.634727	5216.122070
10187.628417	0.090575	1.634727	5293.744629
10187.629418	0.090784	1.634727	5384.619141
10187.630476	0.090571	1.634727	5480.443359
10187.631366	0.090582	1.634727	5561.061523
10187.632296	0.090586	1.634727	5645.306641
10187.633361	0.090663	1.634727	5741.862793
10188.681664	1.444178	1.634751	613.775818
10188.682558	1.903513	1.634751	2315.516602
10188.683655	1.850757	1.634751	4345.796875
10188.684548	0.735461	1.634751	5002.563965
10188.685405	0.090784	1.634751	5080.365723
10188.686429	0.090593	1.634751	5173.133301
10188.687390	0.090513	1.634751	5260.116211
10188.688264	0.090601	1.634751	5339.301270
10188.689126	0.090597	1.634751	5417.395996
10188.690232	0.090619	1.634751	5517.620605
10188.691136	0.090520	1.634751	5599.450684
10188.692000	0.090623	1.634751	5677.748535
10188.693072	0.090685	1.634751	5774.962891
10188.694050	0.090531	1.634751	5863.502441
10189.712902	1.514410	1.634714	754.176392
10189.713893	1.900221	1.634714	2637.295410
10189.714789	1.851303	1.634714	4296.062500
10189.715790	0.637485	1.634714	4934.185547
10189.716831	0.090491	1.634714	5028.386230
10189.717714	0.090593	1.634714	5108.379883
10189.718581	0.090601	1.634714	5186.930664
10189.719687	0.090652	1.634714	5287.191406
10189.720652	0.090538	1.634714	5374.561035
10189.721511	0.090579	1.634714	5452.368164
10189.722558	0.090685	1.634714	5547.314941
10189.723579	0.090542	1.634714	5639.758301
10189.724461	0.090590	1.634714	5719.658203
10189.725346	0.090597	1.634714	5799.836426
10190.772773	1.544084	1.634606	796.747559
10190.773759	1.899675	1.634606	2669.827393
10190.774646	1.850856	1.634606	4311.536621
10190.775637	0.651343	1.634606	4957.017090
10190.776674	0.090498	1.634606	5050.863770
10190.777563	0.090560	1.634606	5131.372070
10190.778421	0.090612	1.634606	5209.116699
10190.779508	0.090729	1.634606	5307.738770
10190.780468	0.090546	1.634606	5394.662598
10190.781336	0.090516	1.634606	5473.230957
10190.782333	0.090626	1.634606	5563.585449
10190.783375	0.090674	1.634606	5658.067383
10190.784270	0.090593	1.634606	5739.148437
10190.785130	0.090615	1.634606	5817.077637
10191.804860	1.439238	1.634823	607.358521
10191.805835	1.901730	1.634823	2461.544922
10191.806861	1.848995	1.634823	4358.614258
10191.807763	0.681819	1.634823	4973.614746
10191.808622	0.090685	1.634823	5051.513184
10191.809712	0.090645	1.634823	5150.315918
10191.810644	0.090538	1.634823	5234.697754
10191.811504	0.090483	1.634823	5312.513672
10191.812570	0.090747	1.634823	5409.250000
10191.813562	0.090568	1.634823	5499.093262
10191.814448	0.090586	1.634823	5579.352539
10191.815425	0.090634	1.634823	5667.901367
10191.816472	0.090681	1.634823	5762.844727
10191.817384	0.090593	1.634823	5845.465820
10192.863691	1.456271	1.634565	636.390320
10192.864559	1.906509	1.634565	2291.239990
10192.865607	1.853068	1.634565	4233.254883
10192.866650	0.576299	1.634565	4834.334473
10192.867540	0.090300	1.634565	4914.701660
10192.868471	0.090626	1.634565	4999.074707
10192.869522	0.090568	1.634565	5094.261230
10192.870453	0.090502	1.634565	5178.518555
10192.871310	0.090626	1.634565	5256.185059
10192.872347	0.090685	1.634565	5350.225098
10192.873360	0.090579	1.634565	5441.981445
10192.874237	0.090546	1.634565	5521.390137
10192.875194	0.090670	1.634565	5608.161621
10192.876249	0.090612	1.634565	5703.756836
10193.895970	1.531469	1.634650	781.048950
10193.896920	1.901638	1.634650	2587.604980
10193.897842	1.851321	1.634650	4294.522461
10193.898721	0.798754	1.634650	4996.626953
10193.899744	0.090784	1.634650	5089.498535
10193.900648	0.090571	1.634650	5171.375000
10193.901523	0.090546	1.634650	5250.602539
10193.902397	0.090575	1.634650	5329.765137
10193.903445	0.090531	1.634650	5424.641602
10193.904342	0.090535	1.634650	5505.851074
10193.905220	0.090571	1.634650	5585.372559
10193.906222	0.090659	1.634650	5676.212891
10193.907139	0.090553	1.634650	5759.250000
10193.908060	0.090590	1.634650	5842.683105
10194.953665	1.452660	1.634803	626.096436
10194.954539	1.906263	1.634803	2292.170654
10194.955402	1.862637	1.634803	3899.625977
10194.956465	0.872175	1.634803	4826.748535
10194.957356	0.091271	1.634803	4908.070801
10194.958232	0.090571	1.634803	4987.411133
10194.959185	0.090615	1.634803	5073.767578
10194.960166	0.090615	1.634803	5162.661133
10194.961085	0.090634	1.634803	5245.953125
10194.961954	0.090601	1.634803	5324.685059
10194.962995	0.090579	1.634803	5418.977539
10194.963865	0.090527	1.634803	5497.736328
10194.964739	0.090619	1.634803	5576.937012
10194.965595	0.090586	1.634803	5654.478516
10195.989028	1.549589	1.634634	799.587769
10195.989997	1.900657	1.634634	2641.324219
10195.990859	1.853210	1.634634	4238.791504
10195.991956	0.534294	1.634634	4824.912598
10195.992991	0.090505	1.634634	4918.585449
10195.993876	0.090604	1.634634	4998.770020
10195.994806	0.090696	1.634634	5083.117187
10195.995865	0.090648	1.634634	5179.113770
10195.996804	0.090619	1.634634	5264.205078
10195.997661	0.090623	1.634634	5341.868652
10195.998703	0.090725	1.634634	5436.404297
10195.999725	0.090575	1.634634	5528.971680
10196.000596	0.090571	1.634634	5607.859375
10196.001539	0.090681	1.634634	5693.371582
10197.044748	1.475691	1.634598	746.699646
10197.045806	1.896826	1.634598	2753.541748
10197.046742	1.844392	1.634598	4479.892578
10197.047607	0.597217	1.634598	4996.485352
10197.048663	0.090597	1.634598	5092.155762
10197.049674	0.090553	1.634598	5183.704590
10197.050544	0.090601	1.634598	5262.527344
10197.051494	0.090634	1.634598	5348.629395
10197.052558	0.090681	1.634598	5445.114258
10197.053478	0.090575	1.634598	5528.443359
10197.054345	0.090604	1.634598	5606.997070
10197.055402	0.090714	1.634598	5702.881836
10197.056407	0.090524	1.634598	5793.857910
10197.057305	0.090608	1.634598	5875.223633
10198.084027	1.441875	1.634497	608.471313
10198.085034	1.901426	1.634497	2523.207031
10198.086076	1.846494	1.634497	4447.253906
10198.086980	0.579016	1.634497	4970.684570
10198.087902	0.090575	1.634497	5054.194824
10198.088954	0.090626	1.634497	5149.533691
10198.089895	0.090582	1.634497	5234.771484
10198.090755	0.090553	1.634497	5312.646973
10198.091786	0.090630	1.634497	5406.086426
10198.092804	0.090590	1.634497	5498.306641
10198.093684	0.090630	1.634497	5578.061035
10198.094618	0.090714	1.634497	5662.788086
10198.095666	0.090626	1.634497	5757.764160
10198.096610	0.090553	1.634497	5843.246094
10199.132679	1.527140	1.634698	752.879944
10199.133563	1.904429	1.634698	2436.394775
10199.134493	1.854441	1.634698	4161.024902
10199.135580	0.608320	1.634698	4822.269043
10199.136506	0.090326	1.634698	4905.910645
10199.137378	0.090494	1.634698	4984.821777
10199.138408	0.090619	1.634698	5078.159180
10199.139422	0.090597	1.634698	5170.024414
10199.140312	0.090505	1.634698	5250.574219
10199.141269	0.090608	1.634698	5337.286133
10199.142318	0.090582	1.634698	5432.307129
10199.143241	0.090505	1.634698	5515.843750
10199.144108	0.090564	1.634698	5594.362793
10199.145171	0.090604	1.634698	5690.675293
10200.177091	1.448961	1.634634	621.604309
10200.177958	1.906403	1.634634	2274.455322
10200.178965	1.856825	1.634634	4144.277832
10200.179896	0.853099	1.634634	4938.513184
10200.180818	0.091080	1.634634	5022.489258
10200.181680	0.090619	1.634634	5100.602539
10200.182715	0.090531	1.634634	5194.302246
10200.183601	0.090524	1.634634	5274.506348
10200.184469	0.090571	1.634634	5353.122070
10200.185436	0.090538	1.634634	5440.672852
10200.186376	0.090553	1.634634	5525.792480
10200.187251	0.090568	1.634634	5605.039062
10200.188183	0.090656	1.634634	5689.529785
10200.189232	0.090575	1.634634	5784.542969
10201.223621	1.460167	1.634771	629.332092
10201.224639	1.900225	1.634771	2563.760742
10201.225681	1.845564	1.634771	4486.838379
10201.226583	0.547987	1.634771	4981.122559
10201.227454	0.090513	1.634771	5059.958984
10201.228546	0.090637	1.634771	5158.934570
10201.229512	0.090542	1.634771	5246.397949
10201.230375	0.090531	1.634771	5324.526367
10201.231407	0.090736	1.634771	5418.166016
10201.232442	0.090582	1.634771	5511.918457
10201.233318	0.090601	1.634771	5591.284668
10201.234219	0.090670	1.634771	5672.978516
10201.235316	0.090667	1.634771	5772.439453
10201.236257	0.090586	1.634771	5857.680664
10202.268198	1.504534	1.634731	801.916504
10202.269221	1.897606	1.634731	2743.167725
10202.270101	1.848340	1.634731	4369.707031
10202.270966	0.720531	1.634731	4992.966309
10202.272033	0.090575	1.634731	5089.609863
10202.272955	0.090535	1.634731	5173.083008
10202.273832	0.090546	1.634731	5252.491699
10202.274798	0.090762	1.634731	5340.167480
10202.275810	0.090557	1.634731	5431.811035
10202.276696	0.090582	1.634731	5512.066895
10202.277653	0.090696	1.634731	5598.862793
10202.278711	0.090721	1.634731	5694.846191
10202.279642	0.090626	1.634731	5779.219238
10202.280505	0.090549	1.634731	5857.363281
10203.315692	1.504915	1.634718	704.299988
10203.316568	1.905352	1.634718	2373.387939
10203.317532	1.855844	1.634718	4162.420898
10203.318590	0.645286	1.634718	4845.132812
10203.319527	0.090363	1.634718	4929.802734
10203.320453	0.090494	1.634718	5013.600586
10203.321315	0.090568	1.634718	5091.669922
10203.322354	0.090593	1.634718	5185.796387
10203.323231	0.090505	1.634718	5265.169434
10203.324101	0.090549	1.634718	5343.947266
10203.325070	0.090597	1.634718	5431.735840
10203.326032	0.090509	1.634718	5518.805664
10203.326932	0.090487	1.634718	5600.244141
10203.327810	0.090590	1.634718	5679.781738
10204.359126	1.484220	1.634811	653.056763
10204.360002	1.905846	1.634811	2322.577881
10204.361024	1.854016	1.634811	4217.382324
10204.362074	0.613462	1.634811	4861.517578
10204.362956	0.090385	1.634811	4941.236816
10204.363839	0.090623	1.634811	5021.256348
10204.364944	0.090645	1.634811	5121.418457
10204.365887	0.090557	1.634811	5206.813477
10204.366754	0.090546	1.634811	5285.316406
10204.367769	0.090688	1.634811	5377.365234
10204.368814	0.090538	1.634811	5471.978027
10204.369705	0.090560	1.634811	5552.667480
10204.370622	0.090718	1.634811	5635.855469
10204.371672	0.090641	1.634811	5731.028320
10205.408765	1.516069	1.634634	735.293579
10205.409639	1.904857	1.634634	2400.138672
10205.410592	1.855031	1.634634	4167.982910
10205.411655	0.627275	1.634634	4834.776855
10205.412589	0.090417	1.634634	4919.226562
10205.413453	0.090593	1.634634	4997.499023
10205.414507	0.090593	1.634634	5092.984375
10205.415517	0.090553	1.634634	5184.442871
10205.416409	0.090586	1.634634	5265.245605
10205.417369	0.090648	1.634634	5352.268066
10205.418429	0.090634	1.634634	5448.339844
10205.419344	0.090557	1.634634	5531.199219
10205.420208	0.090597	1.634634	5609.475098
10205.421276	0.090703	1.634634	5706.346191
10206.449098	1.458977	1.634626	639.031921
10206.449974	1.905945	1.634626	2308.639648
10206.450921	1.858737	1.634626	4068.863281
10206.451968	0.729441	1.634626	4832.587891
10206.452849	0.090820	1.634626	4912.600586
10206.453707	0.090564	1.634626	4990.304687
10206.454758	0.090630	1.634626	5085.556641
10206.455708	0.090505	1.634626	5171.536621
10206.456571	0.090520	1.634626	5249.655273
10206.457467	0.090688	1.634626	5330.912109
10206.458535	0.090575	1.634626	5427.645996
10206.459429	0.090546	1.634626	5508.593750
10206.460295	0.090604	1.634626	5587.057129
10206.461304	0.090740	1.634626	5678.613770
10207.502785	1.446475	1.634860	613.305237
10207.503737	1.902352	1.634860	2424.344482
10207.504796	1.848182	1.634860	4381.569824
10207.505725	0.616311	1.634860	4954.123047
10207.506585	0.090557	1.634860	5032.001953
10207.507650	0.090685	1.634860	5128.581055
10207.508656	0.090553	1.634860	5219.677246
10207.509527	0.090593	1.634860	5298.583984
10207.510496	0.090736	1.634860	5386.507324
10207.511548	0.090637	1.634860	5481.857422
10207.512454	0.090623	1.634860	5563.961426
10207.513326	0.090586	1.634860	5642.952148
10207.514406	0.090677	1.634860	5740.883789
10207.515402	0.090527	1.634860	5831.048828
10208.537122	1.520555	1.634888	802.853271
10208.538185	1.895603	1.634888	2817.879395
10208.539102	1.843162	1.634888	4508.058594
10208.539974	0.559878	1.634888	4996.271973
10208.541076	0.090454	1.634888	5095.952148
10208.542056	0.090472	1.634888	5184.615234
10208.542922	0.090531	1.634888	5263.015137
10208.544017	0.090645	1.634888	5362.270996
10208.545054	0.090549	1.634888	5456.170410
10208.545950	0.090483	1.634888	5537.243652
10208.546875	0.090560	1.634888	5621.011719
10208.547934	0.090549	1.634888	5716.903320
10208.548878	0.090538	1.634888	5802.371582
10208.549740	0.090527	1.634888	5880.406250
10209.595828	1.437792	1.634682	602.434753
10209.596753	1.903169	1.634682	2362.865967
10209.597809	1.850138	1.634682	4316.611816
10209.598759	0.645220	1.634682	4929.570312
10209.599620	0.090553	1.634682	5007.536621
10209.600672	0.090615	1.634682	5102.863770
10209.601699	0.090461	1.634682	5195.767578
10209.602579	0.090593	1.634682	5275.489746
10209.603543	0.090590	1.634682	5362.818359
10209.604585	0.090542	1.634682	5457.163086
10209.605515	0.090491	1.634682	5541.319336
10209.606371	0.090494	1.634682	5618.782715
10209.607434	0.090582	1.634682	5715.071777
10209.608453	0.090557	1.634682	5807.349121
10210.628114	1.524734	1.634860	765.416443
10210.628994	1.904333	1.634860	2441.229980
10210.629893	1.854745	1.634860	4108.645508
10210.630993	0.616542	1.634860	4786.841309
10210.631951	0.090421	1.634860	4873.464844
10210.632815	0.090564	1.634860	4951.711914
10210.633832	0.090714	1.634860	5043.968262
10210.634868	0.090546	1.634860	5137.773437
10210.635757	0.090535	1.634860	5218.258789
10210.636672	0.090590	1.634860	5301.148437
10210.637731	0.090630	1.634860	5397.125488
10210.638685	0.090575	1.634860	5483.534180
10210.639546	0.090586	1.634860	5561.528809
10210.640591	0.090645	1.634860	5656.252441
10211.688893	1.436953	1.634614	610.705078
10211.689759	1.906381	1.634614	2261.630859
10211.690781	1.855078	1.634614	4157.520508
10211.691763	0.755713	1.634614	4899.630371
10211.692644	0.090681	1.634614	4979.520508
10211.693506	0.090641	1.634614	5057.652832
10211.694606	0.090641	1.634614	5157.357910
10211.695487	0.090549	1.634614	5237.131836
10211.696351	0.090538	1.634614	5315.356934
10211.697355	0.090656	1.634614	5406.375000
10211.698344	0.090564	1.634614	5495.942871
10211.699227	0.090571	1.634614	5575.917480
10211.700220	0.090659	1.634614	5665.941895
10211.701280	0.090645	1.634614	5762.024902
10212.719034	1.441696	1.634795	609.837219
10212.720021	1.900573	1.634795	2485.702393
10212.721084	1.846395	1.634795	4448.420410
10212.721983	0.582990	1.634795	4972.527832
10212.722849	0.090568	1.634795	5050.959473
10212.723941	0.090699	1.634795	5150.003418
10212.724931	0.090582	1.634795	5239.679687
10212.725821	0.090652	1.634795	5320.359863
10212.726807	0.090663	1.634795	5409.753418
10212.727863	0.090608	1.634795	5505.435547
10212.728754	0.090527	1.634795	5586.095215
10212.729620	0.090663	1.634795	5664.609375
10212.730728	0.090641	1.634795	5765.039551
10212.731687	0.090494	1.634795	5851.823730
10213.778876	1.448013	1.634751	613.957397
10213.779852	1.901067	1.634751	2469.398682
10213.780912	1.846205	1.634751	4426.375977
10213.781831	0.573981	1.634751	4953.864258
10213.782692	0.090502	1.634751	5031.786133
10213.783768	0.090641	1.634751	5129.315918
10213.784752	0.090546	1.634751	5218.413086
10213.785650	0.090557	1.634751	5299.732910
10213.786626	0.090776	1.634751	5388.330566
10213.787667	0.090630	1.634751	5482.676270
10213.788576	0.090582	1.634751	5565.015625
10213.789438	0.090656	1.634751	5643.160645
10213.790518	0.090681	1.634751	5741.096191
10213.791473	0.090538	1.634751	5827.560059
10214.811126	1.509946	1.634694	726.284119
10214.812004	1.904934	1.634694	2398.816162
10214.812946	1.856074	1.634694	4147.237793
10214.814008	0.670247	1.634694	4859.039551
10214.814940	0.090388	1.634694	4943.281250
10214.815801	0.090648	1.634694	5021.329102
10214.816851	0.090685	1.634694	5116.548340
10214.817872	0.090619	1.634694	5209.070312
10214.818742	0.090571	1.634694	5287.867187
10214.819699	0.090681	1.634694	5374.648926
10214.820744	0.090626	1.634694	5469.353516
10214.821670	0.090619	1.634694	5553.266602
10214.822535	0.090549	1.634694	5631.591797
10214.823595	0.090703	1.634694	5727.737305
10215.870024	1.584767	1.634549	871.621765
10215.871043	1.896727	1.634549	2804.386963
10215.871934	1.846359	1.634549	4449.492187
10215.872889	0.615923	1.634549	5037.698730
10215.873947	0.090553	1.634549	5133.503906
10215.874866	0.090571	1.634549	5216.738770
10215.875722	0.090586	1.634549	5294.280273
10215.876768	0.090685	1.634549	5389.136719
10215.877808	0.090553	1.634549	5483.312012
10215.878686	0.090557	1.634549	5562.820801
10215.879655	0.090769	1.634549	5650.775879
10215.880694	0.090645	1.634549	5744.955566
10215.881602	0.090549	1.634549	5827.174316
10215.882517	0.090612	1.634549	5910.083984
10216.902076	1.441824	1.634912	608.449585
10216.903094	1.900517	1.634912	2543.176270
10216.904141	1.845714	1.634912	4475.639160
10216.905036	0.561936	1.634912	4978.571777
10216.905920	0.090520	1.634912	5058.591309
10216.907012	0.090725	1.634912	5157.663086
10216.907971	0.090520	1.634912	5244.471680
10216.908832	0.090608	1.634912	5322.484863
10216.909869	0.090604	1.634912	5416.441406
10216.910898	0.090626	1.634912	5509.695801
10216.911776	0.090542	1.634912	5589.191895
10216.912697	0.090648	1.634912	5672.678711
10216.913788	0.090612	1.634912	5771.536133
10216.914724	0.090601	1.634912	5856.338379
10217.960934	1.502172	1.634581	701.514160
10217.961816	1.905341	1.634581	2382.024414
10217.962795	1.855060	1.634581	4198.127930
10217.963851	0.636932	1.634581	4870.728516
10217.964758	0.090458	1.634581	4952.773926
10217.965674	0.090579	1.634581	5035.744141
10217.966531	0.090586	1.634581	5113.376465
10217.967553	0.090582	1.634581	5205.951660
10217.968450	0.090546	1.634581	5287.170898
10217.969325	0.090568	1.634581	5366.417480
10217.970294	0.090685	1.634581	5454.291016
10217.971246	0.090612	1.634581	5540.553223
10217.972169	0.090601	1.634581	5624.177734
10217.973038	0.090553	1.634581	5702.868164
10218.995129	1.440092	1.634835	607.718689
10218.996111	1.901294	1.634835	2474.789307
10218.997156	1.847479	1.634835	4405.405273
10218.998069	0.601267	1.634835	4954.362305
10218.998930	0.090623	1.634835	5032.388184
10219.000021	0.090681	1.634835	5131.321289
10219.000975	0.090564	1.634835	5217.719238
10219.001846	0.090494	1.634835	5296.540039
10219.002852	0.090674	1.634835	5387.757812
10219.003898	0.090553	1.634835	5482.476074
10219.004778	0.090590	1.634835	5562.194824
10219.005635	0.090652	1.634835	5639.883301
10219.006719	0.090656	1.634835	5738.153809
10219.007684	0.090527	1.634835	5825.512695
10220.051906	1.449075	1.634896	618.754944
10220.052852	1.902466	1.634896	2418.487549
10220.053893	1.850017	1.634896	4344.355469
10220.054786	0.720538	1.634896	4987.796387
10220.055709	0.090850	1.634896	5071.650391
10220.056767	0.090725	1.634896	5167.637695
10220.057712	0.090564	1.634896	5253.220703
10220.058571	0.090667	1.634896	5331.103027
10220.059602	0.090725	1.634896	5424.640625
10220.060632	0.090608	1.634896	5517.966797
10220.061502	0.090608	1.634896	5596.795898
10220.062446	0.090590	1.634896	5682.312500
10220.063497	0.090586	1.634896	5777.518555
10220.064429	0.090560	1.634896	5861.920898
10221.087214	1.509803	1.634739	708.097778
10221.088103	1.905029	1.634739	2401.668945
10221.089068	1.854650	1.634739	4191.405762
10221.090134	0.616025	1.634739	4848.088867
10221.091056	0.090326	1.634739	4931.369141
10221.091922	0.090612	1.634739	5009.838867
10221.092995	0.090568	1.634739	5107.018066
10221.093987	0.090524	1.634739	5196.817383
10221.094875	0.090546	1.634739	5277.221680
10221.095837	0.090641	1.634739	5364.417969
10221.096881	0.090648	1.634739	5459.054687
10221.097800	0.090487	1.634739	5542.212402
10221.098715	0.090535	1.634739	5625.051758
10221.099578	0.090549	1.634739	5703.195801
10222.142986	1.520768	1.634658	763.425415
10222.143985	1.899364	1.634658	2660.890137
10222.144882	1.850402	1.634658	4320.700684
10222.145858	0.659008	1.634658	4963.892090
10222.146909	0.090505	1.634658	5059.013184
10222.147806	0.090513	1.634658	5140.203125
10222.148674	0.090560	1.634658	5218.809570
10222.149782	0.090630	1.634658	5319.227539
10222.150740	0.090509	1.634658	5405.935059
10222.151604	0.090546	1.634658	5484.166504
10222.152651	0.090674	1.634658	5579.102051
10222.153680	0.090593	1.634658	5672.322754
10222.154555	0.090520	1.634658	5751.527832
10222.155455	0.090549	1.634658	5833.022461
10223.179343	1.583024	1.634682	884.910217
10223.180360	1.896214	1.634682	2813.360352
10223.181243	1.846022	1.634682	4443.397461
10223.182233	0.589365	1.634682	5026.869141
10223.183286	0.090450	1.634682	5122.113281
10223.184197	0.090527	1.634682	5204.583496
10223.185051	0.090615	1.634682	5281.968750
10223.186097	0.090699	1.634682	5376.840332
10223.187099	0.090520	1.634682	5467.541504
10223.187989	0.090597	1.634682	5548.172852
10223.188951	0.090626	1.634682	5635.355469
10223.190010	0.090553	1.634682	5731.250977
10223.190926	0.090568	1.634682	5814.210937
10223.191789	0.090557	1.634682	5892.361328
10224.233928	1.457915	1.634594	634.192993
10224.234798	1.906029	1.634594	2292.438477
10224.235732	1.859506	1.634594	4029.216797
10224.236795	0.752684	1.634594	4829.320312
10224.237693	0.090663	1.634594	4910.735352
10224.238559	0.090641	1.634594	4989.230469
10224.239606	0.090762	1.634594	5084.257812
10224.240566	0.090612	1.634594	5171.245117
10224.241430	0.090571	1.634594	5249.498535
10224.242470	0.090652	1.634594	5343.776367
10224.243490	0.090571	1.634594	5436.159180
10224.244370	0.090590	1.634594	5515.877930
10224.245287	0.090634	1.634594	5598.988770
10224.246350	0.090710	1.634594	5695.414062
10225.272378	1.566207	1.634807	837.920898
10225.273407	1.896914	1.634807	2789.845703
10225.274305	1.846047	1.634807	4447.596191
10225.275248	0.621420	1.634807	5033.594727
10225.276302	0.090619	1.634807	5129.106934
10225.277231	0.090619	1.634807	5213.291992
10225.278089	0.090560	1.634807	5290.992676
10225.279135	0.090740	1.634807	5385.906250
10225.280159	0.090586	1.634807	5478.666016
10225.281040	0.090593	1.634807	5558.478516
10225.281984	0.090688	1.634807	5644.088379
10225.283047	0.090670	1.634807	5740.470703
10225.283959	0.090619	1.634807	5823.115234
10225.284821	0.090637	1.634807	5901.244629
10226.326046	1.542114	1.634803	794.188843
10226.326995	1.901766	1.634803	2598.965332
10226.327857	1.854306	1.634803	4197.376953
10226.328902	0.626821	1.634803	4852.405273
10226.329959	0.090524	1.634803	4948.088867
10226.330835	0.090568	1.634803	5027.426270
10226.331770	0.090597	1.634803	5112.134277
10226.332836	0.090623	1.634803	5208.737793
10226.333777	0.090630	1.634803	5294.020508
10226.334642	0.090608	1.634803	5372.396484
10226.335687	0.090765	1.634803	5467.246094
10226.336706	0.090623	1.634803	5559.590332
10226.337595	0.090608	1.634803	5640.140625
10226.338538	0.090751	1.634803	5725.718750
10227.361210	1.441736	1.634783	609.854248
10227.362072	1.905630	1.634783	2252.507324
10227.363128	1.854716	1.634783	4211.086914
10227.364010	0.894163	1.634783	4999.738281
10227.364869	0.091879	1.634783	5078.662109
10227.365899	0.090707	1.634783	5172.090332
10227.366865	0.090542	1.634783	5259.553711
10227.367730	0.090586	1.634783	5337.910645
10227.368592	0.090623	1.634783	5416.027344
10227.369689	0.090604	1.634783	5515.420410
10227.370596	0.090531	1.634783	5597.532227
10227.371461	0.090560	1.634783	5675.866699
10227.372528	0.090681	1.634783	5772.623535
10227.373503	0.090579	1.634783	5860.937500
10228.417976	1.447782	1.634763	608.068420
10228.419066	1.898738	1.634763	2677.692627
10228.420059	1.843663	1.634763	4508.450195
10228.420955	0.537144	1.634763	4989.730957
10228.421823	0.090414	1.634763	5068.209961
10228.422834	0.090601	1.634763	5159.807129
10228.423734	0.090461	1.634763	5241.222656
10228.424635	0.090564	1.634763	5322.820801
10228.425515	0.090619	1.634763	5402.565430
10228.426553	0.090593	1.634763	5496.601074
10228.427450	0.090575	1.634763	5577.846680
10228.428328	0.090582	1.634763	5657.377930
10228.429280	0.090685	1.634763	5743.709961
10228.430233	0.090564	1.634763	5830.017578
10229.452306	1.535522	1.634900	773.903320
10229.453273	1.900422	1.634900	2611.611816
10229.454162	1.852236	1.634900	4258.250000
10229.455175	0.639152	1.634900	4905.710449
10229.456238	0.090502	1.634900	5001.913574
10229.457129	0.090590	1.634900	5082.628906
10229.458018	0.090641	1.634900	5163.208496
10229.459120	0.090634	1.634900	5263.086426
10229.460070	0.090527	1.634900	5349.087402
10229.460935	0.090586	1.634900	5427.444336
10229.461974	0.090663	1.634900	5521.643066
10229.462999	0.090597	1.634900	5614.504883
10229.463888	0.090560	1.634900	5695.013184
10229.464837	0.090630	1.634900	5781.020996
10230.510019	1.449086	1.634622	623.106873
10230.510889	1.905688	1.634622	2281.055664
10230.511952	1.851929	1.634622	4249.655762
10230.512972	0.578174	1.634622	4839.393066
10230.513860	0.090396	1.634622	4919.664062
10230.514806	0.090608	1.634622	5005.378906
10230.515855	0.090582	1.634622	5100.399902
10230.516764	0.090557	1.634622	5182.715820
10230.517623	0.090560	1.634622	5260.507324
10230.518681	0.090659	1.634622	5356.424805
10230.519687	0.090626	1.634622	5447.594727
10230.520559	0.090579	1.634622	5526.579102
10230.521559	0.090685	1.634622	5617.263672
10230.522593	0.090652	1.634622	5710.997559
10231.543236	1.455879	1.634863	627.483765
10231.544107	1.905729	1.634863	2287.373535
10231.545128	1.853503	1.634863	4179.800293
10231.546163	0.626008	1.634863	4827.718750
10231.547053	0.090403	1.634863	4908.177246
10231.548007	0.090601	1.634863	4994.610352
10231.549054	0.090670	1.634863	5089.541992
10231.549982	0.090579	1.634863	5173.599121
10231.550847	0.090527	1.634863	5251.905273
10231.551909	0.090699	1.634863	5348.228027
10231.552913	0.090505	1.634863	5439.095215
10231.553804	0.090608	1.634863	5519.826660
10231.554759	0.090667	1.634863	5606.413086
10231.555803	0.090615	1.634863	5701.015625
10232.602121	1.518688	1.634730	760.862549
10232.603068	1.902184	1.634730	2562.230713
10232.603938	1.854873	1.634730	4175.970215
10232.604980	0.665427	1.634730	4869.345215
10232.606006	0.090454	1.634730	4962.151367
10232.606900	0.090582	1.634730	5043.131836
10232.607829	0.090645	1.634730	5127.340820
10232.608888	0.090615	1.634730	5223.302246
10232.609834	0.090549	1.634730	5308.961914
10232.610695	0.090579	1.634730	5386.950195
10232.611757	0.090615	1.634730	5483.183594
10232.612765	0.090557	1.634730	5574.464844
10232.613645	0.090579	1.634730	5654.173828
10232.614612	0.090634	1.634730	5741.816406
10233.633231	1.467847	1.634658	648.788208
10233.634094	1.904099	1.634658	2292.025879
10233.635196	1.849911	1.634658	4330.627441
10233.636185	0.559464	1.634658	4883.937500
10233.637056	0.090458	1.634658	4962.726074
10233.638031	0.090604	1.634658	5051.065430
10233.639078	0.090692	1.634658	5146.020020
10233.639977	0.090553	1.634658	5227.427246
10233.640876	0.090542	1.634658	5308.824707
10233.641766	0.090524	1.634658	5389.390625
10233.642713	0.090615	1.634658	5475.203125
10233.643650	0.090483	1.634658	5559.985840
10233.644535	0.090535	1.634658	5640.108887
10233.645500	0.090667	1.634658	5727.602051
10234.694075	1.456751	1.634872	614.748718
10234.695158	1.898174	1.634872	2670.470947
10234.696138	1.844773	1.634872	4478.348145
10234.697013	0.612843	1.634872	5014.585937
10234.698039	0.090597	1.634872	5107.538574
10234.699078	0.090597	1.634872	5201.668945
10234.699970	0.090568	1.634872	5282.455078
10234.700855	0.090648	1.634872	5362.678711
10234.701948	0.090656	1.634872	5461.765137
10234.702895	0.090502	1.634872	5547.470215
10234.703763	0.090568	1.634872	5626.083008
10234.704805	0.090590	1.634872	5720.477539
10234.705825	0.090560	1.634872	5812.849121
10234.706718	0.090560	1.634872	5893.719238
10235.725346	1.544667	1.634823	790.869385
10235.726262	1.902447	1.634823	2533.511230
10235.727127	1.854569	1.634823	4137.713379
10235.728214	0.627499	1.634823	4819.804687
10235.729214	0.090436	1.634823	4910.240234
10235.730088	0.090520	1.634823	4989.354492
10235.731084	0.090732	1.634823	5079.724121
10235.732134	0.090571	1.634823	5174.824219
10235.733038	0.090549	1.634823	5256.680664
10235.733894	0.090626	1.634823	5334.256836
10235.734966	0.090637	1.634823	5431.419922
10235.735962	0.090546	1.634823	5521.603516
10235.736857	0.090582	1.634823	5602.674805
10235.737837	0.090645	1.634823	5691.506348
10236.786138	1.479880	1.634863	655.586975
10236.787003	1.905161	1.634863	2303.551270
10236.788069	1.851390	1.634863	4277.133301
10236.789085	0.571919	1.634863	4858.203125
10236.789957	0.090469	1.634863	4937.091797
10236.790944	0.090608	1.634863	5026.521973
10236.791996	0.090619	1.634863	5121.853027
10236.792887	0.090557	1.634863	5202.539062
10236.793754	0.090619	1.634863	5281.105469
10236.794820	0.090802	1.634863	5377.900391
10236.795807	0.090560	1.634863	5467.283203
10236.796693	0.090527	1.634863	5547.490234
10236.797670	0.090696	1.634863	5636.100098
10236.798725	0.090553	1.634863	5731.633301
10237.816266	1.456710	1.634791	635.125671
10237.817137	1.906055	1.634791	2295.299316
10237.817998	1.863838	1.634791	3900.063721
10237.819005	0.981921	1.634791	4888.858398
10237.819885	0.092710	1.634791	4970.443359
10237.820749	0.090546	1.634791	5048.674805
10237.821709	0.090634	1.634791	5135.683105
10237.822646	0.090549	1.634791	5220.527832
10237.823556	0.090531	1.634791	5302.911133
10237.824434	0.090531	1.634791	5382.397461
10237.825461	0.090571	1.634791	5475.414062
10237.826355	0.090546	1.634791	5556.361816
10237.827230	0.090586	1.634791	5635.624512
10237.828130	0.090674	1.634791	5717.230957
10238.877191	1.482422	1.634686	744.175781
10238.878240	1.897174	1.634686	2734.311279
10238.879191	1.844096	1.634686	4488.045898
10238.880062	0.588230	1.634686	5000.394043
10238.881115	0.090557	1.634686	5095.750000
10238.882114	0.090538	1.634686	5186.197754
10238.882984	0.090553	1.634686	5264.979004
10238.883850	0.090494	1.634686	5343.347168
10238.884793	0.090630	1.634686	5428.811035
10238.885749	0.090560	1.634686	5515.386719
10238.886664	0.090579	1.634686	5598.266113
10238.887540	0.090531	1.634686	5677.571289
10238.888553	0.090615	1.634686	5769.364746
10238.889459	0.090623	1.634686	5851.468750
10239.909321	1.472021	1.634735	640.329346
10239.910185	1.903762	1.634735	2285.179932
10239.911290	1.849281	1.634735	4328.635254
10239.912271	0.582477	1.634735	4900.044922
10239.913140	0.090421	1.634735	4978.621094
10239.914181	0.090740	1.634735	5073.081055
10239.915212	0.090626	1.634735	5166.516602
10239.916097	0.090575	1.634735	5246.675293
10239.917001	0.090601	1.634735	5328.578125
10239.918086	0.090725	1.634735	5427.014648
10239.919037	0.090571	1.634735	5513.147949
10239.919900	0.090623	1.634735	5591.354980
10239.920940	0.090754	1.634735	5685.739746
10239.921962	0.090637	1.634735	5778.371094
10240.967210	1.520252	1.634980	817.895325
10240.968270	1.895559	1.634980	2827.187988
10240.969179	1.843345	1.634980	4502.788086
10240.970046	0.572358	1.634980	4999.022949
10240.971153	0.090656	1.634980	5099.378418
10240.972121	0.090652	1.634980	5187.129395
10240.973000	0.090663	1.634980	5266.822266
10240.974004	0.090736	1.634980	5357.921387
10240.975056	0.090659	1.634980	5453.294922
10240.975955	0.090659	1.634980	5534.797363
10240.976853	0.090641	1.634980	5616.192871
10240.977923	0.090685	1.634980	5713.225586
10240.978883	0.090557	1.634980	5800.160156
10240.979747	0.090571	1.634980	5878.413574
10242.002377	1.466334	1.634767	637.855408
10242.003244	1.904198	1.634767	2288.795166
10242.004318	1.850826	1.634767	4276.582520
10242.005315	0.577244	1.634767	4852.094727
10242.006209	0.090465	1.634767	4932.970703
10242.007202	0.090751	1.634767	5023.085937
10242.008249	0.090615	1.634767	5117.959961
10242.009143	0.090659	1.634767	5199.009277
10242.010005	0.090641	1.634767	5277.141602
10242.011118	0.090623	1.634767	5378.004395
10242.012090	0.090557	1.634767	5466.025391
10242.012956	0.090586	1.634767	5544.472656
10242.013984	0.090703	1.634767	5637.715332
10242.015019	0.090612	1.634767	5731.498535
10243.056067	1.463906	1.634904	632.407471
10243.056933	1.904070	1.634904	2281.332031
10243.058039	1.850087	1.634904	4327.527832
10243.058961	0.672407	1.634904	4947.487305
10243.059837	0.090626	1.634904	5026.875977
10243.060820	0.090736	1.634904	5116.069336
10243.061797	0.090597	1.634904	5204.582520
10243.062676	0.090641	1.634904	5284.255859
10243.063653	0.090699	1.634904	5372.869141
10243.064689	0.090604	1.634904	5466.735352
10243.065597	0.090626	1.634904	5549.023926
10243.066460	0.090597	1.634904	5627.208984
10243.067533	0.090688	1.634904	5724.517578
10243.068533	0.090608	1.634904	5815.125488
10244.096440	1.452371	1.634847	611.447998
10244.097548	1.897694	1.634847	2714.093018
10244.098518	1.844355	1.634847	4503.117676
10244.099439	0.502950	1.634847	4966.334961
10244.100318	0.090502	1.634847	5045.885742
10244.101327	0.090586	1.634847	5137.287109
10244.102208	0.090579	1.634847	5217.086914
10244.103114	0.090648	1.634847	5299.214355
10244.103992	0.090710	1.634847	5378.857910
10244.105021	0.090604	1.634847	5472.089844
10244.105915	0.090542	1.634847	5553.034180
10244.106790	0.090601	1.634847	5632.309570
10244.107768	0.090630	1.634847	5720.945801
10244.108720	0.090601	1.634847	5807.197754
10245.146043	1.442098	1.634928	610.007629
10245.147113	1.899298	1.634928	2642.256592
10245.148135	1.843711	1.634928	4526.529297
10245.149019	0.539011	1.634928	5003.015137
10245.149964	0.090560	1.634928	5088.594727
10245.151015	0.090710	1.634928	5183.931641
10245.151939	0.090619	1.634928	5267.663574
10245.152809	0.090579	1.634928	5346.466797
10245.153847	0.090659	1.634928	5440.570801
10245.154860	0.090546	1.634928	5532.293457
10245.155745	0.090571	1.634928	5612.449219
10245.156691	0.090634	1.634928	5698.188477
10245.157733	0.090648	1.634928	5792.644043
10245.158660	0.090546	1.634928	5876.580078
10246.189494	1.449360	1.634815	608.731323
10246.190585	1.898599	1.634815	2680.102539
10246.191576	1.843147	1.634815	4506.661133
10246.192475	0.526468	1.634815	4979.956055
10246.193454	0.090608	1.634815	5068.661133
10246.194499	0.090688	1.634815	5163.430664
10246.195397	0.090516	1.634815	5244.714355
10246.196260	0.090681	1.634815	5322.972168
10246.197340	0.090765	1.634815	5420.999023
10246.198305	0.090553	1.634815	5508.382812
10246.199165	0.090667	1.634815	5586.355957
10246.200249	0.090710	1.634815	5684.686035
10246.201277	0.090619	1.634815	5777.842285
10246.202154	0.090656	1.634815	5857.347168
10247.236027	1.449152	1.634811	615.889465
10247.237105	1.898654	1.634811	2662.637939
10247.238103	1.843608	1.634811	4502.559082
10247.238989	0.564478	1.634811	5002.686035
10247.239989	0.090626	1.634811	5093.312500
10247.241018	0.090560	1.634811	5186.499023
10247.241918	0.090601	1.634811	5268.039551
10247.242773	0.090615	1.634811	5345.515625
10247.243873	0.090685	1.634811	5445.269043
10247.244822	0.090590	1.634811	5531.238770
10247.245703	0.090557	1.634811	5611.019043
10247.246694	0.090692	1.634811	5700.895020
10247.247742	0.090699	1.634811	5795.948242
10247.248628	0.090535	1.634811	5876.162109
10248.281548	1.463936	1.634735	641.203796
10248.282419	1.905872	1.634735	2301.217773
10248.283359	1.858608	1.634735	4048.309570
10248.284419	0.729825	1.634735	4821.924805
10248.285307	0.090597	1.634735	4902.375000
10248.286235	0.090645	1.634735	4986.493164
10248.287292	0.090667	1.634735	5082.327637
10248.288245	0.090557	1.634735	5168.627930
10248.289114	0.090516	1.634735	5247.286621
10248.290167	0.090677	1.634735	5342.770020
10248.291191	0.090564	1.634735	5435.507324
10248.292078	0.090623	1.634735	5515.889648
10248.293036	0.090630	1.634735	5602.712891
10248.294081	0.090648	1.634735	5697.440430
10249.327121	1.484583	1.634779	760.106262
10249.328081	1.901144	1.634779	2585.204102
10249.329009	1.850464	1.634779	4302.434570
10249.329883	0.791136	1.634779	4993.887695
10249.330916	0.090732	1.634779	5087.614258
10249.331803	0.090535	1.634779	5167.918457
10249.332673	0.090590	1.634779	5246.731445
10249.333559	0.090590	1.634779	5326.993652
10249.334611	0.090575	1.634779	5422.278320
10249.335484	0.090560	1.634779	5501.337402
10249.336346	0.090608	1.634779	5579.441406
10249.337448	0.090593	1.634779	5679.275391
10249.338359	0.090582	1.634779	5761.795898
10249.339234	0.090608	1.634779	5841.077637
10250.372545	1.443871	1.634702	613.645081
10250.373440	1.902942	1.634702	2316.778076
10250.374474	1.852932	1.634702	4232.709961
10250.375360	0.841648	1.634702	4978.410156
10250.376237	0.091307	1.634702	5058.486816
10250.377236	0.090641	1.634702	5149.037109
10250.378168	0.090590	1.634702	5233.466797
10250.379083	0.090579	1.634702	5316.346191
10250.379946	0.090619	1.634702	5394.550293
10250.380987	0.090586	1.634702	5488.850098
10250.381874	0.090582	1.634702	5569.196777
10250.382749	0.090590	1.634702	5648.462891
10250.383731	0.090667	1.634702	5737.497559
10250.384685	0.090557	1.634702	5823.888672
10251.420171	1.528363	1.634598	770.294922
10251.421129	1.901440	1.634598	2591.874756
10251.422051	1.851097	1.634598	4298.586914
10251.422943	0.777499	1.634598	4992.115723
10251.423817	0.091036	1.634598	5071.681641
10251.424808	0.090648	1.634598	5161.514160
10251.425734	0.090582	1.634598	5245.393555
10251.426597	0.090634	1.634598	5323.610352
10251.427621	0.090557	1.634598	5416.340332
10251.428498	0.090564	1.634598	5495.765137
10251.429363	0.090582	1.634598	5574.118652
10251.430337	0.090637	1.634598	5662.399414
10251.431275	0.090564	1.634598	5747.348633
10251.432187	0.090538	1.634598	5829.919434
10252.462610	1.489801	1.634851	761.288269
10252.463674	1.896277	1.634851	2778.927002
10252.464603	1.843561	1.634851	4491.594727
10252.465473	0.576830	1.634851	4993.436523
10252.466545	0.090615	1.634851	5090.576172
10252.467537	0.090538	1.634851	5180.390137
10252.468419	0.090601	1.634851	5260.299805
10252.469395	0.090656	1.634851	5348.779785
10252.470446	0.090667	1.634851	5444.070312
10252.471346	0.090568	1.634851	5525.581055
10252.472202	0.090582	1.634851	5603.119629
10252.473290	0.090725	1.634851	5701.828613
10252.474287	0.090535	1.634851	5792.091797
10252.475161	0.090601	1.634851	5871.276855
10253.512118	1.451547	1.634856	608.197998
10253.513216	1.898258	1.634856	2692.485352
10253.514207	1.843129	1.634856	4519.025879
10253.515088	0.548811	1.634856	5002.528320
10253.516075	0.090645	1.634856	5091.994629
10253.517137	0.090509	1.634856	5188.115234
10253.518026	0.090571	1.634856	5268.633301
10253.518910	0.090590	1.634856	5348.714355
10253.520010	0.090615	1.634856	5448.391113
10253.520959	0.090586	1.634856	5534.356934
10253.521828	0.090590	1.634856	5613.079102
10253.522831	0.090663	1.634856	5704.014160
10253.523869	0.090626	1.634856	5798.083984
10253.524753	0.090590	1.634856	5878.165039
10254.553610	1.518300	1.634666	762.186401
10254.554503	1.903967	1.634666	2462.429199
10254.555371	1.855774	1.634666	4073.240967
10254.556479	0.648062	1.634666	4791.292969
10254.557439	0.090377	1.634666	4878.055176
10254.558309	0.090593	1.634666	4956.871094
10254.559323	0.090714	1.634666	5048.854980
10254.560379	0.090619	1.634666	5144.548340
10254.561260	0.090568	1.634666	5224.338379
10254.562137	0.090656	1.634666	5303.843262
10254.563214	0.090652	1.634666	5401.475098
10254.564175	0.090542	1.634666	5488.485840
10254.565034	0.090575	1.634666	5566.289551
10254.566047	0.090740	1.634666	5658.208984
10255.605184	1.449767	1.634690	619.050415
10255.606176	1.900675	1.634690	2504.520020
10255.607189	1.848450	1.634690	4376.999512
10255.608076	0.702605	1.634690	5000.209961
10255.608931	0.090743	1.634690	5077.795410
10255.609985	0.090674	1.634690	5173.365723
10255.610911	0.090520	1.634690	5257.187500
10255.611788	0.090564	1.634690	5336.612305
10255.612749	0.090601	1.634690	5423.679687
10255.613759	0.090560	1.634690	5515.145508
10255.614654	0.090513	1.634690	5596.154297
10255.615605	0.090597	1.634690	5682.312012
10255.616662	0.090619	1.634690	5778.096191
10255.617587	0.090542	1.634690	5861.847656
10256.644542	1.453744	1.634860	620.748596
10256.645505	1.901752	1.634860	2452.135498
10256.646564	1.846959	1.634860	4408.065430
10256.647498	0.568638	1.634860	4939.172852
10256.648364	0.090472	1.634860	5017.521973
10256.649435	0.090641	1.634860	5114.598145
10256.650429	0.090513	1.634860	5204.567871
10256.651321	0.090615	1.634860	5285.396484
10256.652281	0.090608	1.634860	5372.379883
10256.653324	0.090670	1.634860	5466.948730
10256.654229	0.090553	1.634860	5548.899414
10256.655092	0.090575	1.634860	5627.065430
10256.656149	0.090685	1.634860	5722.919434
10256.657145	0.090553	1.634860	5813.110352
10257.698232	1.446387	1.634537	611.821594
10257.699317	1.898511	1.634537	2671.705566
10257.700327	1.842404	1.634537	4532.533203
10257.701223	0.507517	1.634537	4987.268555
10257.702205	0.090630	1.634537	5076.267090
10257.703247	0.090575	1.634537	5170.645996
10257.704152	0.090542	1.634537	5252.586426
10257.705010	0.090557	1.634537	5330.284180
10257.706075	0.090579	1.634537	5426.750488
10257.707069	0.090516	1.634537	5516.723633
10257.707944	0.090575	1.634537	5595.976562
10257.708927	0.090634	1.634537	5685.069336
10257.709974	0.090568	1.634537	5779.893555
10257.710862	0.090542	1.634537	5860.294922
10258.733552	1.523954	1.634674	707.114624
10258.734442	1.904304	1.634674	2401.945312
10258.735324	1.859319	1.634674	4041.864258
10258.736315	0.887710	1.634674	4921.584961
10258.737274	0.090754	1.634674	5008.618652
10258.738194	0.090480	1.634674	5091.859863
10258.739057	0.090509	1.634674	5169.969238
10258.740087	0.090560	1.634674	5263.246582
10258.740970	0.090513	1.634674	5343.169434
10258.741827	0.090494	1.634674	5420.723145
10258.742874	0.090637	1.634674	5515.620117
10258.743814	0.090465	1.634674	5600.657227
10258.744678	0.090505	1.634674	5678.854004
10258.745571	0.090516	1.634674	5759.685059
10259.790279	1.453997	1.634702	632.488464
10259.791147	1.905890	1.634702	2286.801025
10259.792151	1.855767	1.634702	4149.990723
10259.793200	0.668917	1.634702	4851.685059
10259.794091	0.090436	1.634702	4932.263184
10259.794978	0.090685	1.634702	5012.700684
10259.796047	0.090645	1.634702	5109.599609
10259.797000	0.090571	1.634702	5195.914062
10259.797862	0.090652	1.634702	5274.056152
10259.798887	0.090710	1.634702	5367.034180
10259.799924	0.090612	1.634702	5460.998535
10259.800803	0.090538	1.634702	5540.581543
10259.801669	0.090626	1.634702	5619.063965
10259.802577	0.090619	1.634702	5701.345703
10260.824505	1.441791	1.634864	609.877441
10260.825540	1.900027	1.634864	2576.405273
10260.826574	1.844740	1.634864	4483.866211
10260.827463	0.577192	1.634864	4996.990234
10260.828418	0.090608	1.634864	5083.520996
10260.829473	0.090579	1.634864	5179.081543
10260.830382	0.090568	1.634864	5261.407715
10260.831244	0.090612	1.634864	5339.514648
10260.832288	0.090714	1.634864	5434.220215
10260.833292	0.090641	1.634864	5525.223633
10260.834179	0.090571	1.634864	5605.560547
10260.835141	0.090685	1.634864	5692.799316
10260.836187	0.090714	1.634864	5787.686523
10260.837114	0.090575	1.634864	5871.649414
10261.882396	1.537390	1.633784	777.919373
10261.883368	1.900444	1.633784	2625.151123
10261.884239	1.852463	1.633784	4238.646484
10261.885261	0.643429	1.633784	4896.230957
10261.886314	0.090568	1.633784	4991.598633
10261.887200	0.090601	1.633784	5071.870605
10261.888087	0.090656	1.633784	5152.282227
10261.889177	0.090718	1.633784	5251.164551
10261.890137	0.090615	1.633784	5338.155273
10261.891005	0.090612	1.633784	5416.806152
10261.892014	0.090751	1.633784	5508.373535
10261.893049	0.090659	1.633784	5602.205566
10261.893937	0.090608	1.633784	5682.665527
10261.894862	0.090623	1.633784	5766.491211
10262.916576	1.502717	1.634767	674.720032
10262.917463	1.905040	1.634767	2364.490723
10262.918325	1.858993	1.634767	3966.942871
10262.919436	0.753904	1.634767	4804.530273
10262.920330	0.090659	1.634767	4885.579590
10262.921198	0.090546	1.634767	4964.173340
10262.922172	0.090721	1.634767	5052.536133
10262.923167	0.090582	1.634767	5142.665527
10262.924054	0.090586	1.634767	5223.015137
10262.924914	0.090648	1.634767	5300.972656
10262.926001	0.090721	1.634767	5399.586914
10262.926920	0.090516	1.634767	5482.771484
10262.927796	0.090648	1.634767	5562.179199
10262.928773	0.090648	1.634767	5650.742676
10263.973349	1.479500	1.634739	679.090332
10263.974230	1.905081	1.634739	2357.466309
10263.975091	1.860860	1.634739	3959.666992
10263.976144	0.852217	1.634739	4857.051270
10263.977028	0.091073	1.634739	4937.559570
10263.977898	0.090560	1.634739	5016.347168
10263.978801	0.090637	1.634739	5098.192383
10263.979811	0.090608	1.634739	5189.706543
10263.980731	0.090590	1.634739	5273.048828
10263.981596	0.090663	1.634739	5351.472168
10263.982682	0.090659	1.634739	5449.928223
10263.983577	0.090560	1.634739	5530.979492
10263.984450	0.090604	1.634739	5610.077148
10263.985443	0.090659	1.634739	5700.101562
10265.007542	1.444446	1.634827	606.667236
10265.008603	1.899258	1.634827	2621.779785
10265.009608	1.844070	1.634827	4475.069824
10265.010505	0.561771	1.634827	4978.978516
10265.011482	0.090677	1.634827	5067.570312
10265.012527	0.090659	1.634827	5162.309082
10265.013435	0.090531	1.634827	5244.511230
10265.014295	0.090696	1.634827	5322.509766
10265.015387	0.090685	1.634827	5421.537598
10265.016372	0.090590	1.634827	5510.768555
10265.017253	0.090619	1.634827	5590.604004
10265.018240	0.090732	1.634827	5680.156738
10265.019281	0.090597	1.634827	5774.468262
10265.020165	0.090608	1.634827	5854.565430
10266.064345	1.462137	1.634932	662.348267
10266.065436	1.897097	1.634932	2732.081055
10266.066411	1.842550	1.634932	4528.567383
10266.067280	0.558083	1.634932	5013.541992
10266.068306	0.090524	1.634932	5106.419434
10266.069321	0.090535	1.634932	5198.312012
10266.070202	0.090604	1.634932	5278.134277
10266.071122	0.090615	1.634932	5361.500488
10266.072179	0.090601	1.634932	5457.265137
10266.073121	0.090560	1.634932	5542.572754
10266.073979	0.090579	1.634932	5620.289062
10266.075020	0.090674	1.634932	5714.680664
10266.076053	0.090575	1.634932	5808.244629
10266.076930	0.090586	1.634932	5887.688477
10267.099589	1.453217	1.634642	632.149170
10267.100459	1.905619	1.634642	2290.037598
10267.101323	1.863545	1.634642	3900.140381
10267.102371	0.914941	1.634642	4858.999023
10267.103278	0.091168	1.634642	4941.688477
10267.104153	0.090597	1.634642	5020.960937
10267.105160	0.090626	1.634642	5112.221680
10267.106142	0.090542	1.634642	5201.133789
10267.107026	0.090568	1.634642	5281.195801
10267.107882	0.090601	1.634642	5358.750000
10267.108979	0.090516	1.634642	5458.046387
10267.109869	0.090527	1.634642	5538.615723
10267.110735	0.090597	1.634642	5617.072754
10267.111714	0.090670	1.634642	5705.838867
10268.156351	1.450448	1.634658	623.692627
10268.157220	1.904517	1.634658	2278.717773
10268.158307	1.850376	1.634658	4290.076172
10268.159309	0.556132	1.634658	4847.319824
10268.160199	0.090454	1.634658	4927.824219
10268.161194	0.090699	1.634658	5018.070312
10268.162222	0.090641	1.634658	5111.249023
10268.163132	0.090619	1.634658	5193.712402
10268.163995	0.090630	1.634658	5271.925781
10268.165071	0.090721	1.634658	5369.541992
10268.166061	0.090579	1.634658	5459.214844
10268.166939	0.090634	1.634658	5538.791016
10268.167942	0.090677	1.634658	5629.740723
10268.169001	0.090637	1.634658	5725.725586
10269.191704	1.530927	1.634799	773.117920
10269.192672	1.900785	1.634799	2613.077637
10269.193535	1.853375	1.634799	4212.540527
10269.194630	0.564928	1.634799	4831.136719
10269.195667	0.090480	1.634799	4924.964355
10269.196547	0.090604	1.634799	5004.696289
10269.197477	0.090685	1.634799	5089.033203
10269.198549	0.090663	1.634799	5186.223633
10269.199479	0.090597	1.634799	5270.479004
10269.200341	0.090641	1.634799	5348.611328
10269.201358	0.090685	1.634799	5440.837891
10269.202384	0.090568	1.634799	5533.760254
10269.203278	0.090593	1.634799	5614.750488
10269.204231	0.090721	1.634799	5701.208008
