time (s)	coil I (A)	last det (V)	int current (uC)
10847.389184	1.512935	0.006355	698.975769
10847.390045	1.905839	0.006355	2339.902832
10847.391087	1.851859	0.006355	4269.540039
10847.391992	1.792408	0.006355	5891.669922
10847.392867	1.736942	0.006355	7411.494141
10847.393754	1.682040	0.006355	8903.463867
10847.394803	1.623922	0.006355	10606.958008
10847.395698	1.157586	0.006355	11642.997070
10847.396569	0.102426	0.006355	11732.209961
10847.397662	0.090450	0.006355	11831.072266
10847.398562	0.090476	0.006355	11912.500977
10847.399431	0.090564	0.006355	11991.201172
10847.400433	0.090608	0.006355	12081.990234
10847.401417	0.090443	0.006355	12170.986328
10847.402303	0.090597	0.006355	12251.254883
10847.403158	0.090564	0.006355	12328.687500
10847.404251	0.090564	0.006355	12427.673828
10847.405146	0.090560	0.006355	12508.725586
10848.420437	1.599712	-0.003454	913.435486
10848.421426	1.897661	-0.003454	2790.222412
10848.422302	1.847809	-0.003454	4408.902832
10848.423179	1.788142	-0.003454	5977.103516
10848.424282	1.722788	-0.003454	7877.338867
10848.425175	1.668549	-0.003454	9367.352539
10848.426045	1.617092	-0.003454	10774.222656
10848.427157	0.697764	-0.003454	11550.135742
10848.428115	0.090333	-0.003454	11636.674805
10848.428972	0.090469	-0.003454	11714.206055
10848.430020	0.090681	-0.003454	11809.240234
10848.431055	0.090641	-0.003454	11903.053711
10848.431948	0.090553	-0.003454	11983.917969
10848.432874	0.090615	-0.003454	12067.828125
10848.433937	0.090630	-0.003454	12164.167969
10848.434872	0.090520	-0.003454	12248.803711
10848.435741	0.090549	-0.003454	12327.491211
10848.436771	0.090725	-0.003454	12420.938477
10849.482171	1.444717	0.006085	612.559937
10849.483200	1.900272	0.006085	2567.939941
10849.484259	1.844330	0.006085	4521.084961
10849.485147	1.785110	0.006085	6106.262695
10849.486041	1.726838	0.006085	7650.056152
10849.487136	1.663330	0.006085	9471.402344
10849.488092	1.610120	0.006085	11010.676758
10849.488965	0.775247	0.006085	11687.466797
10849.489997	0.090743	0.006085	11781.114258
10849.491027	0.090513	0.006085	11874.342773
10849.491926	0.090564	0.006085	11955.759766
10849.492872	0.090641	0.006085	12041.505859
10849.493927	0.090667	0.006085	12137.159180
10849.494859	0.090520	0.006085	12221.523437
10849.495721	0.090579	0.006085	12299.602539
10849.496783	0.090677	0.006085	12395.902344
10849.497790	0.090483	0.006085	12487.019531
10849.498685	0.090531	0.006085	12568.044922
10850.510377	1.560447	0.001633	811.432312
10850.511327	1.901045	0.001633	2617.424805
10850.512192	1.853082	0.001633	4220.340820
10850.513243	1.785454	0.001633	6096.853027
10850.514264	1.721832	0.001633	7854.843750
10850.515147	1.668926	0.001633	9328.504883
10850.516116	1.615419	0.001633	10893.845703
10850.517168	0.643272	0.001633	11570.567383
10850.518088	0.090458	0.001633	11653.788086
10850.518944	0.090443	0.001633	11731.207031
10850.520014	0.090714	0.001633	11828.271484
10850.521018	0.090454	0.001633	11919.087891
10850.521891	0.090516	0.001633	11998.108398
10850.522850	0.090619	0.001633	12085.011719
10850.523902	0.090557	0.001633	12180.277344
10850.524809	0.090494	0.001633	12262.355469
10850.525680	0.090542	0.001633	12341.217773
10850.526760	0.090571	0.001633	12439.035156
10851.573276	1.543916	0.006117	782.765381
10851.574287	1.898240	0.006117	2701.885742
10851.575170	1.849442	0.006117	4334.943359
10851.576176	1.784799	0.006117	6130.450684
10851.577234	1.718800	0.006117	7948.941406
10851.578136	1.664689	0.006117	9450.490234
10851.579004	1.613478	0.006117	10850.989258
10851.580107	0.617999	0.006117	11532.642578
10851.581068	0.090330	0.006117	11619.449219
10851.581970	0.090553	0.006117	11701.127930
10851.582851	0.090564	0.006117	11780.915039
10851.583847	0.090571	0.006117	11871.124023
10851.584764	0.090443	0.006117	11954.060547
10851.585675	0.090597	0.006117	12036.594727
10851.586537	0.090502	0.006117	12114.607422
10851.587572	0.090604	0.006117	12208.382812
10851.588460	0.090505	0.006117	12288.751953
10851.589336	0.090542	0.006117	12368.066406
10852.600348	1.547058	0.003704	806.017273
10852.601270	1.902209	0.003704	2559.854248
10852.602135	1.853910	0.003704	4163.486328
10852.603218	1.785278	0.003704	6096.942871
10852.604208	1.723231	0.003704	7802.941895
10852.605104	1.670497	0.003704	9299.707031
10852.606111	1.614122	0.003704	10925.127930
10852.607166	0.612023	0.003704	11570.811523
10852.608060	0.090399	0.003704	11651.627930
10852.608916	0.090586	0.003704	11729.169922
10852.610018	0.090612	0.003704	11829.023437
10852.610977	0.090469	0.003704	11915.783203
10852.611834	0.090498	0.003704	11993.339844
10852.612926	0.090634	0.003704	12092.311523
10852.613953	0.090549	0.003704	12185.305664
10852.614830	0.090557	0.003704	12264.723633
10852.615743	0.090564	0.003704	12347.408203
10852.616810	0.090586	0.003704	12444.063477
10853.666339	1.536837	0.006157	782.250122
10853.667341	1.898665	0.006157	2684.711914
10853.668239	1.848658	0.006157	4344.807129
10853.669202	1.786501	0.006157	6065.208008
10853.670246	1.721093	0.006157	7862.028809
10853.671160	1.666439	0.006157	9385.154297
10853.672082	1.614994	0.006157	10874.178711
10853.672954	0.912059	0.006157	11669.494141
10853.674009	0.090853	0.006157	11765.344727
10853.674891	0.090461	0.006157	11845.131836
10853.675754	0.090641	0.006157	11923.354492
10853.676716	0.090571	0.006157	12010.484375
10853.677675	0.090579	0.006157	12097.349609
10853.678590	0.090520	0.006157	12180.175781
10853.679468	0.090516	0.006157	12259.649414
10853.680493	0.090535	0.006157	12352.447266
10853.681385	0.090498	0.006157	12433.171875
10853.682256	0.090483	0.006157	12511.983398
10854.692284	1.442563	0.002923	607.319214
10854.693226	1.902275	0.002923	2399.262695
10854.694187	1.854163	0.002923	4181.113281
10854.695109	1.794686	0.002923	5835.813965
10854.695988	1.738780	0.002923	7364.202148
10854.697030	1.677722	0.002923	9112.388672
10854.697926	1.625621	0.002923	10568.945312
10854.698805	1.231717	0.002923	11651.625000
10854.699695	0.111837	0.002923	11751.160156
10854.700734	0.090425	0.002923	11845.111328
10854.701610	0.090593	0.002923	11924.470703
10854.702487	0.090586	0.002923	12003.915039
10854.703474	0.090538	0.002923	12093.276367
10854.704392	0.090469	0.002923	12176.327148
10854.705272	0.090601	0.002923	12256.055664
10854.706247	0.090714	0.002923	12344.501953
10854.707252	0.090560	0.002923	12435.514648
10854.708141	0.090527	0.002923	12515.993164
10855.756301	1.521325	0.013420	769.790222
10855.757292	1.898983	0.013420	2651.682373
10855.758188	1.849914	0.013420	4309.205566
10855.759175	1.786022	0.013420	6072.008789
10855.760239	1.720814	0.013420	7902.955078
10855.761130	1.666600	0.013420	9387.896484
10855.761996	1.615433	0.013420	10786.861328
10855.763103	0.651127	0.013420	11507.658203
10855.764057	0.090355	0.013420	11593.857422
10855.764915	0.090428	0.013420	11671.445312
10855.765939	0.090652	0.013420	11764.272461
10855.766974	0.090557	0.013420	11857.999023
10855.767860	0.090560	0.013420	11938.235352
10855.768769	0.090586	0.013420	12020.578125
10855.769854	0.090575	0.013420	12118.851562
10855.770789	0.090509	0.013420	12203.477539
10855.771646	0.090542	0.013420	12281.072266
10855.772677	0.090626	0.013420	12374.507812
10856.782400	1.580511	0.012876	881.925415
10856.783473	1.894215	0.012876	2914.417969
10856.784356	1.842089	0.012876	4540.982422
10856.785225	1.782224	0.012876	6089.735352
10856.786347	1.715182	0.012876	8014.169434
10856.787314	1.658976	0.012876	9618.399414
10856.788182	1.609764	0.012876	11015.674805
10856.789205	0.576211	0.012876	11605.138672
10856.790247	0.090374	0.012876	11699.307617
10856.791134	0.090549	0.012876	11779.625000
10856.792070	0.090575	0.012876	11864.403320
10856.793131	0.090619	0.012876	11960.549805
10856.794070	0.090546	0.012876	12045.572266
10856.794934	0.090568	0.012876	12123.822266
10856.795979	0.090630	0.012876	12218.530273
10856.796983	0.090535	0.012876	12309.426758
10856.797863	0.090549	0.012876	12389.110352
10856.798816	0.090619	0.012876	12475.469727
10857.846281	1.519805	0.009440	756.862671
10857.847227	1.901840	0.009440	2556.002930
10857.848095	1.854694	0.009440	4165.876953
10857.849143	1.786813	0.009440	6038.457031
10857.850171	1.722751	0.009440	7809.445312
10857.851073	1.668992	0.009440	9314.875977
10857.852028	1.615789	0.009440	10857.954102
10857.853088	0.656594	0.009440	11553.944336
10857.854012	0.090406	0.009440	11637.479492
10857.854871	0.090524	0.009440	11715.239258
10857.855924	0.090560	0.009440	11810.599609
10857.856937	0.090579	0.009440	11902.355469
10857.857812	0.090494	0.009440	11981.538086
10857.858778	0.090670	0.009440	12069.125000
10857.859831	0.090597	0.009440	12164.523437
10857.860746	0.090538	0.009440	12247.366211
10857.861602	0.090538	0.009440	12324.867187
10857.862652	0.090645	0.009440	12420.043945
10858.876444	1.537951	0.003607	785.892700
10858.877341	1.902579	0.003607	2492.506348
10858.878213	1.854104	0.003607	4109.285156
10858.879296	1.785798	0.003607	6043.304687
10858.880294	1.722759	0.003607	7762.618164
10858.881197	1.670175	0.003607	9270.786133
10858.882188	1.614221	0.003607	10870.479492
10858.883251	0.635625	0.003607	11546.148437
10858.884141	0.090399	0.003607	11626.603516
10858.885004	0.090469	0.003607	11704.677734
10858.886095	0.090593	0.003607	11803.514648
10858.887054	0.090520	0.003607	11890.323242
10858.887919	0.090549	0.003607	11968.648437
10858.888962	0.090623	0.003607	12063.167969
10858.890001	0.090498	0.003607	12157.195312
10858.890887	0.090608	0.003607	12237.473633
10858.891805	0.090527	0.003607	12320.578125
10858.892848	0.090652	0.003607	12415.127930
10859.938230	1.455220	0.009187	611.192322
10859.939326	1.897599	0.009187	2690.960693
10859.940299	1.843883	0.009187	4485.059082
10859.941172	1.786435	0.009187	6044.617187
10859.942197	1.722367	0.009187	7810.043457
10859.943241	1.661393	0.009187	9544.537109
10859.944134	1.610863	0.009187	10983.038086
10859.945072	0.754047	0.009187	11690.333984
10859.946136	0.090465	0.009187	11786.588867
10859.947080	0.090480	0.009187	11872.001953
10859.947941	0.090527	0.009187	11949.946289
10859.948974	0.090659	0.009187	12043.597656
10859.949986	0.090553	0.009187	12135.237305
10859.950864	0.090513	0.009187	12214.707031
10859.951820	0.090608	0.009187	12301.328125
10859.952869	0.090601	0.009187	12396.368164
10859.953795	0.090560	0.009187	12480.226562
10859.954652	0.090538	0.009187	12557.818359
10860.967367	1.450408	0.011346	630.927368
10860.968233	1.905557	0.011346	2281.139404
10860.969182	1.857810	0.011346	4044.201172
10860.970159	1.795430	0.011346	5798.335937
10860.971075	1.737678	0.011346	7390.049316
10860.971951	1.684753	0.011346	8865.893555
10860.972998	1.626094	0.011346	10568.414062
10860.973913	1.172798	0.011346	11641.524414
10860.974793	0.102045	0.011346	11731.324219
10860.975653	0.090483	0.011346	11809.139648
10860.976708	0.090516	0.011346	11904.634766
10860.977593	0.090538	0.011346	11984.760742
10860.978450	0.090564	0.011346	12062.374023
10860.979541	0.090623	0.011346	12161.243164
10860.980445	0.090472	0.011346	12243.030273
10860.981311	0.090531	0.011346	12321.429687
10860.982294	0.090645	0.011346	12410.533203
10860.983301	0.090571	0.011346	12501.738281
10862.028297	1.490435	0.008514	751.179016
10862.029380	1.895006	0.008514	2803.470703
10862.030301	1.842209	0.008514	4500.145508
10862.031170	1.784066	0.008514	6050.499023
10862.032233	1.718998	0.008514	7877.793945
10862.033232	1.659836	0.008514	9535.970703
10862.034126	1.610284	0.008514	10975.564453
10862.035121	0.634867	0.008514	11607.256836
10862.036178	0.090396	0.008514	11702.804687
10862.037085	0.090542	0.008514	11784.925781
10862.037946	0.090571	0.008514	11862.907227
10862.039026	0.090630	0.008514	11960.787109
10862.040015	0.090513	0.008514	12050.303711
10862.040908	0.090513	0.008514	12131.131836
10862.041911	0.090699	0.008514	12222.103516
10862.042954	0.090612	0.008514	12316.611328
10862.043843	0.090568	0.008514	12397.125977
10862.044724	0.090579	0.008514	12476.925781
10863.060415	1.446486	0.001609	613.309937
10863.061316	1.902470	0.001609	2327.435059
10863.062411	1.848179	0.001609	4351.190918
10863.063365	1.785817	0.001609	6054.859863
10863.064234	1.730988	0.001609	7559.087891
10863.065279	1.669420	0.001609	9303.631836
10863.066312	1.611471	0.001609	10968.281250
10863.067192	0.799526	0.001609	11671.864258
10863.068140	0.091498	0.001609	11758.604492
10863.069193	0.090443	0.001609	11853.840820
10863.070122	0.090476	0.001609	11937.893555
10863.070983	0.090491	0.001609	12015.805664
10863.072008	0.090586	0.001609	12108.656250
10863.073029	0.090425	0.001609	12200.980469
10863.073912	0.090549	0.001609	12280.935547
10863.074854	0.090491	0.001609	12366.177734
10863.075904	0.090491	0.001609	12461.193359
10863.076836	0.090432	0.001609	12545.476562
10864.117180	1.443754	0.008554	606.376587
10864.118135	1.901060	0.008554	2421.888672
10864.119184	1.846988	0.008554	4359.379395
10864.120110	1.786538	0.008554	6013.713867
10864.120979	1.730585	0.008554	7517.591797
10864.122043	1.668640	0.008554	9293.025391
10864.123043	1.611940	0.008554	10904.964844
10864.123948	0.826458	0.008554	11652.909180
10864.124930	0.091608	0.008554	11742.868164
10864.125993	0.090472	0.008554	11839.040039
10864.126893	0.090626	0.008554	11920.603516
10864.127755	0.090505	0.008554	11998.619141
10864.128848	0.090461	0.008554	12097.493164
10864.129832	0.090494	0.008554	12186.540039
10864.130696	0.090531	0.008554	12264.758789
10864.131799	0.090557	0.008554	12364.642578
10864.132831	0.090450	0.008554	12457.987305
10864.133719	0.090472	0.008554	12538.327148
10865.153498	1.499861	0.003805	667.438110
10865.154364	1.902462	0.003805	2314.970215
10865.155468	1.847512	0.003805	4354.624023
10865.156430	1.785132	0.003805	6071.920898
10865.157295	1.730541	0.003805	7568.838867
10865.158369	1.667622	0.003805	9359.865234
10865.159408	1.608900	0.003805	11031.512695
10865.160305	0.713741	0.003805	11671.739258
10865.161251	0.090905	0.003805	11757.735352
10865.162306	0.090502	0.003805	11853.214844
10865.163239	0.090458	0.003805	11937.612305
10865.164099	0.090465	0.003805	12015.412109
10865.165125	0.090557	0.003805	12108.323242
10865.166142	0.090443	0.003805	12200.303711
10865.167032	0.090461	0.003805	12280.814453
10865.167982	0.090590	0.003805	12366.875000
10865.169027	0.090520	0.003805	12461.468750
10865.169957	0.090524	0.003805	12545.656250
10866.205111	1.455813	0.008977	611.441467
10866.206172	1.899847	0.008977	2627.179443
10866.207047	1.851460	0.008977	4247.207031
10866.207915	1.792859	0.008977	5803.408203
10866.209000	1.726692	0.008977	7676.869141
10866.209915	1.672214	0.008977	9206.945312
10866.210799	1.622161	0.008977	10640.935547
10866.211787	0.964530	0.008977	11593.891602
10866.212804	0.091161	0.008977	11686.602539
10866.213692	0.090421	0.008977	11766.896484
10866.214553	0.090549	0.008977	11844.859375
10866.215626	0.090593	0.008977	11942.066406
10866.216543	0.090483	0.008977	12025.040039
10866.217417	0.090443	0.008977	12104.086914
10866.218401	0.090619	0.008977	12193.255859
10866.219404	0.090531	0.008977	12284.058594
10866.220277	0.090527	0.008977	12363.088867
10866.221232	0.090645	0.008977	12449.654297
10867.246532	1.463199	0.004332	630.638916
10867.247398	1.903458	0.004332	2279.033691
10867.248483	1.849698	0.004332	4285.956543
10867.249473	1.785139	0.004332	6053.244141
10867.250372	1.729281	0.004332	7607.867676
10867.251382	1.669958	0.004332	9294.525391
10867.252428	1.611566	0.004332	10980.223633
10867.253322	0.768358	0.004332	11667.135742
10867.254185	0.091399	0.004332	11746.012695
10867.255278	0.090579	0.004332	11845.014648
10867.256236	0.090516	0.004332	11931.729492
10867.257098	0.090546	0.004332	12009.780273
10867.258138	0.090637	0.004332	12104.042969
10867.259166	0.090498	0.004332	12197.075195
10867.260037	0.090516	0.004332	12275.915039
10867.260948	0.090542	0.004332	12358.398437
10867.262019	0.090601	0.004332	12455.431641
10867.262965	0.090531	0.004332	12541.074219
10868.296153	1.467759	0.008534	648.749390
10868.297027	1.904707	0.008534	2313.463379
10868.297889	1.861564	0.008534	3918.131348
10868.298909	1.796693	0.008534	5750.758301
10868.299823	1.737133	0.008534	7338.497559
10868.300746	1.682981	0.008534	8891.888672
10868.301613	1.631543	0.008534	10306.436523
10868.302652	1.212345	0.008534	11566.062500
10868.303545	0.105450	0.008534	11660.229492
10868.304421	0.090374	0.008534	11739.396484
10868.305422	0.090612	0.008534	11830.098633
10868.306348	0.090557	0.008534	11913.954102
10868.307225	0.090604	0.008534	11993.414062
10868.308211	0.090677	0.008534	12082.822266
10868.309226	0.090604	0.008534	12174.785156
10868.310105	0.090516	0.008534	12254.348633
10868.310962	0.090524	0.008534	12331.927734
10868.311999	0.090560	0.008534	12425.838867
10869.339588	1.457153	0.007503	626.575928
10869.340453	1.903868	0.007503	2273.421875
10869.341543	1.849288	0.007503	4289.145996
10869.342537	1.784517	0.007503	6062.955566
10869.343434	1.728603	0.007503	7613.512695
10869.344408	1.671152	0.007503	9241.214844
10869.345459	1.612174	0.007503	10935.609375
10869.346380	0.766743	0.007503	11641.779297
10869.347241	0.091293	0.007503	11720.382812
10869.348347	0.090535	0.007503	11820.513672
10869.349311	0.090432	0.007503	11907.690430
10869.350167	0.090439	0.007503	11985.106445
10869.351255	0.090674	0.007503	12083.759766
10869.352284	0.090483	0.007503	12176.867187
10869.353162	0.090516	0.007503	12256.340820
10869.354065	0.090612	0.007503	12338.163086
10869.355128	0.090634	0.007503	12434.506836
10869.356077	0.090546	0.007503	12520.434570
10870.385192	1.549120	0.013742	805.542297
10870.386115	1.900811	0.013742	2559.990479
10870.386981	1.852797	0.013742	4164.512695
10870.388054	1.784777	0.013742	6079.578125
10870.389065	1.721488	0.013742	7820.002441
10870.389949	1.668955	0.013742	9295.358398
10870.390949	1.613833	0.013742	10909.191406
10870.391991	0.637650	0.013742	11573.623047
10870.392883	0.090469	0.013742	11654.321289
10870.393749	0.090538	0.013742	11732.727539
10870.394835	0.090630	0.013742	11831.151367
10870.395827	0.090524	0.013742	11920.951172
10870.396720	0.090513	0.013742	12001.779297
10870.397692	0.090659	0.013742	12089.900391
10870.398759	0.090645	0.013742	12186.618164
10870.399643	0.090571	0.013742	12266.683594
10870.400507	0.090612	0.013742	12344.971680
10870.401605	0.090703	0.013742	12444.563477
10871.429564	1.442029	0.008792	614.304321
10871.430429	1.905095	0.008792	2262.211426
10871.431443	1.853935	0.008792	4142.102051
10871.432429	1.790977	0.008792	5908.004883
10871.433301	1.735547	0.008792	7421.401855
10871.434379	1.671453	0.008792	9223.227539
10871.435421	1.613174	0.008792	10904.154297
10871.436323	0.832368	0.008792	11654.950195
10871.437258	0.091967	0.008792	11740.938477
10871.438326	0.090571	0.008792	11837.668945
10871.439268	0.090586	0.008792	11923.000977
10871.440131	0.090491	0.008792	12001.094727
10871.441181	0.090619	0.008792	12096.244141
10871.442200	0.090483	0.008792	12188.446289
10871.443075	0.090520	0.008792	12267.651367
10871.444042	0.090685	0.008792	12355.343750
10871.445077	0.090560	0.008792	12449.073242
10871.445995	0.090553	0.008792	12532.201172
10872.478242	1.547413	0.005932	790.728210
10872.479180	1.900481	0.005932	2573.379150
10872.480044	1.852881	0.005932	4174.268066
10872.481112	1.784575	0.005932	6080.194336
10872.482133	1.720518	0.005932	7836.842773
10872.483022	1.668047	0.005932	9319.736328
10872.484005	1.613522	0.005932	10905.828125
10872.485060	0.617670	0.005932	11557.469727
10872.485968	0.090308	0.005932	11639.468750
10872.486826	0.090454	0.005932	11717.078125
10872.487905	0.090516	0.005932	11814.745117
10872.488899	0.090436	0.005932	11904.638672
10872.489770	0.090505	0.005932	11983.468750
10872.490754	0.090608	0.005932	12072.626953
10872.491798	0.090564	0.005932	12167.175781
10872.492693	0.090461	0.005932	12248.138672
10872.493608	0.090487	0.005932	12330.934570
10872.494472	0.090531	0.005932	12409.153320
10873.520564	1.452257	0.008667	608.495728
10873.521663	1.896962	0.008667	2693.256348
10873.522581	1.846088	0.008667	4387.964844
10873.523463	1.788604	0.008667	5965.513184
10873.524450	1.727120	0.008667	7670.180664
10873.525457	1.666553	0.008667	9348.399414
10873.526356	1.616407	0.008667	10801.549805
10873.527345	0.808846	0.008667	11601.499023
10873.528408	0.090549	0.008667	11697.752930
10873.529304	0.090399	0.008667	11778.750977
10873.530164	0.090480	0.008667	11856.563477
10873.531262	0.090663	0.008667	11956.111328
10873.532234	0.090458	0.008667	12044.036133
10873.533097	0.090461	0.008667	12122.104492
10873.534160	0.090590	0.008667	12218.401367
10873.535196	0.090487	0.008667	12312.145508
10873.536083	0.090469	0.008667	12392.391602
10873.537009	0.090542	0.008667	12476.233398
10874.570235	1.475874	0.012558	720.226501
10874.571300	1.895977	0.012558	2739.441406
10874.572259	1.841909	0.012558	4505.832520
10874.573125	1.784553	0.012558	6051.255859
10874.574180	1.719463	0.012558	7865.289062
10874.575192	1.660009	0.012558	9545.217773
10874.576087	1.609632	0.012558	10985.838867
10874.577051	0.696500	0.012558	11657.264648
10874.578095	0.090421	0.012558	11751.664062
10874.579026	0.090531	0.012558	11835.948242
10874.579883	0.090571	0.012558	11913.567383
10874.580956	0.090597	0.012558	12010.778320
10874.581952	0.090579	0.012558	12100.994141
10874.582830	0.090604	0.012558	12180.544922
10874.583806	0.090641	0.012558	12269.010742
10874.584872	0.090663	0.012558	12365.657227
10874.585764	0.090641	0.012558	12446.508789
10874.586630	0.090575	0.012558	12524.946289
10875.609536	1.452920	0.010637	623.302612
10875.610539	1.899155	0.010637	2528.155273
10875.611596	1.843704	0.010637	4476.950195
10875.612487	1.784476	0.010637	6066.918457
10875.613383	1.726772	0.010637	7614.106445
10875.614481	1.663389	0.010637	9440.506836
10875.615434	1.609860	0.010637	10974.703125
10875.616351	0.740446	0.010637	11653.691406
10875.617226	0.090894	0.010637	11733.223633
10875.618273	0.090498	0.010637	11827.974609
10875.619169	0.090516	0.010637	11909.077148
10875.620038	0.090553	0.010637	11987.767578
10875.620924	0.090568	0.010637	12068.010742
10875.621957	0.090608	0.010637	12161.608398
10875.622850	0.090516	0.010637	12242.439453
10875.623713	0.090509	0.010637	12320.548828
10875.624704	0.090549	0.010637	12410.283203
10875.625624	0.090505	0.010637	12493.547852
10876.663230	1.470663	0.007011	627.973022
10876.664352	1.895720	0.007011	2754.971191
10876.665307	1.842202	0.007011	4514.274414
10876.666177	1.784952	0.007011	6067.182617
10876.667217	1.720232	0.007011	7856.223633
10876.668247	1.660045	0.007011	9566.070312
10876.669140	1.609728	0.007011	11003.556641
10876.670079	0.726281	0.007011	11685.534180
10876.671134	0.090494	0.007011	11781.005859
10876.672079	0.090498	0.007011	11866.526367
10876.672941	0.090560	0.007011	11944.588867
10876.673996	0.090612	0.007011	12040.183594
10876.675005	0.090571	0.007011	12131.570312
10876.675889	0.090505	0.007011	12211.577148
10876.676856	0.090560	0.007011	12299.149414
10876.677897	0.090619	0.007011	12393.483398
10876.678819	0.090608	0.007011	12477.023437
10876.679675	0.090582	0.007011	12554.561523
10877.697566	1.488702	0.007450	783.057495
10877.698548	1.898500	0.007450	2647.384277
10877.699472	1.847666	0.007450	4354.627441
10877.700338	1.789841	0.007450	5904.629883
10877.701362	1.726410	0.007450	7672.473633
10877.702270	1.672350	0.007450	9190.966797
10877.703135	1.622996	0.007450	10594.858398
10877.704162	0.925111	0.007450	11544.947266
10877.705133	0.091285	0.007450	11633.584961
10877.706008	0.090392	0.007450	11712.677734
10877.706865	0.090568	0.007450	11790.293945
10877.707965	0.090656	0.007450	11890.014648
10877.708858	0.090531	0.007450	11970.858398
10877.709729	0.090531	0.007450	12049.710937
10877.710735	0.090623	0.007450	12140.876953
10877.711726	0.090538	0.007450	12230.600586
10877.712609	0.090571	0.007450	12310.575195
10877.713464	0.090604	0.007450	12388.041992
10878.756278	1.454396	0.009759	610.846191
10878.757370	1.896778	0.009759	2682.128174
10878.758342	1.842290	0.009759	4472.833984
10878.759233	1.784733	0.009759	6063.030762
10878.760232	1.722345	0.009759	7783.653320
10878.761290	1.660774	0.009759	9540.751953
10878.762186	1.609607	0.009759	10982.959961
10878.763085	0.765791	0.009759	11671.406250
10878.764180	0.090469	0.009759	11770.469727
10878.765135	0.090450	0.009759	11856.849609
10878.766002	0.090568	0.009759	11935.372070
10878.767048	0.090615	0.009759	12030.155273
10878.768067	0.090553	0.009759	12122.428711
10878.768965	0.090487	0.009759	12203.686523
10878.769907	0.090696	0.009759	12289.122070
10878.770950	0.090546	0.009759	12383.561523
10878.771874	0.090557	0.009759	12467.236328
10878.772736	0.090549	0.009759	12545.290039
10879.787547	1.535706	0.014270	778.602722
10879.788475	1.900715	0.014270	2542.466553
10879.789339	1.853353	0.014270	4143.763672
10879.790417	1.784982	0.014270	6067.974121
10879.791432	1.721323	0.014270	7815.117187
10879.792317	1.668929	0.014270	9292.120117
10879.793314	1.613829	0.014270	10901.108398
10879.794387	0.607097	0.014270	11552.523437
10879.795291	0.090388	0.014270	11634.234375
10879.796147	0.090494	0.014270	11711.697266
10879.797229	0.090667	0.014270	11809.798828
10879.798221	0.090601	0.014270	11899.674805
10879.799111	0.090516	0.014270	11980.234375
10879.800076	0.090681	0.014270	12067.741211
10879.801132	0.090634	0.014270	12163.450195
10879.802031	0.090637	0.014270	12244.932617
10879.802895	0.090575	0.014270	12323.189453
10879.803994	0.090685	0.014270	12422.852539
10880.849351	1.462888	0.012292	631.967651
10880.850211	1.902707	0.012292	2268.295898
10880.851291	1.850966	0.012292	4267.338867
10880.852170	1.792233	0.012292	5842.711426
10880.853049	1.737122	0.012292	7369.641602
10880.854009	1.680418	0.012292	8982.842773
10880.854967	1.625050	0.012292	10539.640625
10880.855886	1.182788	0.012292	11626.623047
10880.856765	0.103469	0.012292	11717.572266
10880.857807	0.090385	0.012292	11811.752930
10880.858697	0.090524	0.012292	11892.319336
10880.859558	0.090450	0.012292	11970.197266
10880.860591	0.090630	0.012292	12063.818359
10880.861543	0.090487	0.012292	12149.961914
10880.862410	0.090575	0.012292	12228.490234
10880.863288	0.090571	0.012292	12308.011719
10880.864408	0.090615	0.012292	12409.500977
10880.865280	0.090513	0.012292	12488.427734
10881.875411	1.481744	0.009267	650.485779
10881.876275	1.903283	0.009267	2294.921875
10881.877355	1.849329	0.009267	4292.196777
10881.878279	1.788966	0.009267	5945.201172
10881.879161	1.733558	0.009267	7474.199707
10881.880137	1.676221	0.009267	9110.191406
10881.881167	1.617524	0.009267	10776.241211
10881.882055	0.993171	0.009267	11658.177734
10881.882916	0.094709	0.009267	11739.722656
10881.883976	0.090505	0.009267	11835.658203
10881.884910	0.090469	0.009267	11920.156250
10881.885786	0.090535	0.009267	11999.464844
10881.886744	0.090590	0.009267	12086.250000
10881.887780	0.090542	0.009267	12180.051758
10881.888674	0.090513	0.009267	12260.969727
10881.889625	0.090568	0.009267	12347.099609
10881.890680	0.090491	0.009267	12442.567383
10881.891613	0.090513	0.009267	12527.015625
10882.942402	1.453213	0.012264	621.975159
10882.943265	1.903422	0.012264	2264.627930
10882.944330	1.851753	0.012264	4236.744629
10882.945218	1.793478	0.012264	5829.353027
10882.946080	1.737975	0.012264	7327.487305
10882.947110	1.676371	0.012264	9054.149414
10882.948071	1.622501	0.012264	10613.373047
10882.948949	1.181027	0.012264	11650.314453
10882.949884	0.105542	0.012264	11748.996094
10882.950943	0.090410	0.012264	11844.740234
10882.951836	0.090571	0.012264	11925.620117
10882.952698	0.090535	0.012264	12003.661133
10882.953745	0.090641	0.012264	12098.562500
10882.954709	0.090472	0.012264	12185.778320
10882.955568	0.090509	0.012264	12263.525391
10882.956611	0.090656	0.012264	12358.079102
10882.957629	0.090498	0.012264	12450.206055
10882.958517	0.090498	0.012264	12530.568359
10883.966514	1.569994	0.010298	830.526794
10883.967552	1.894937	0.010298	2797.470947
10883.968450	1.843513	0.010298	4452.945801
10883.969412	1.781620	0.010298	6166.864258
10883.970463	1.715629	0.010298	7969.990234
10883.971397	1.660675	0.010298	9521.060547
10883.972266	1.610966	0.010298	10920.989258
10883.973342	0.569583	0.010298	11533.860352
10883.974337	0.090392	0.010298	11623.799805
10883.975230	0.090505	0.010298	11704.621094
10883.976202	0.090520	0.010298	11792.606445
10883.977248	0.090531	0.010298	11887.301758
10883.978160	0.090604	0.010298	11969.932617
10883.979015	0.090582	0.010298	12047.380859
10883.980101	0.090608	0.010298	12145.781250
10883.981086	0.090516	0.010298	12234.939453
10883.981963	0.090535	0.010298	12314.337891
10883.982949	0.090626	0.010298	12403.695312
10885.033485	1.522961	0.012458	767.572510
10885.034442	1.900067	0.012458	2585.936768
10885.035311	1.852742	0.012458	4195.969238
10885.036354	1.784853	0.012458	6057.571289
10885.037400	1.720386	0.012458	7857.094727
10885.038304	1.666000	0.012458	9363.158203
10885.039245	1.613602	0.012458	10881.557617
10885.040306	0.620101	0.012458	11539.485352
10885.041243	0.090341	0.012458	11624.134766
10885.042101	0.090458	0.012458	11701.747070
10885.043161	0.090634	0.012458	11797.818359
10885.044174	0.090487	0.012458	11889.481445
10885.045050	0.090579	0.012458	11968.828125
10885.045915	0.090560	0.012458	12047.163086
10885.046867	0.090634	0.012458	12133.446289
10885.047824	0.090458	0.012458	12220.014648
10885.048735	0.090524	0.012458	12302.481445
10885.049610	0.090593	0.012458	12381.750977
10886.057453	1.518761	0.009162	709.261414
10886.058339	1.903308	0.009162	2395.592285
10886.059308	1.852833	0.009162	4190.987305
10886.060367	1.784227	0.009162	6080.484375
10886.061282	1.726578	0.009162	7660.303711
10886.062153	1.673020	0.009162	9117.503906
10886.063245	1.613265	0.009162	10879.189453
10886.064237	0.700734	0.009162	11574.317383
10886.065135	0.090608	0.009162	11655.683594
10886.066138	0.090520	0.009162	11746.475586
10886.067182	0.090494	0.009162	11840.952148
10886.068068	0.090505	0.009162	11921.139648
10886.068922	0.090546	0.009162	11998.465820
10886.070024	0.090641	0.009162	12098.352539
10886.070984	0.090538	0.009162	12185.269531
10886.071841	0.090560	0.009162	12262.879883
10886.072945	0.090590	0.009162	12362.890625
10886.073975	0.090535	0.009162	12456.141602
10887.124426	1.463079	0.019858	642.291504
10887.125289	1.903520	0.019858	2285.029785
10887.126354	1.849706	0.019858	4254.966309
10887.127372	1.783971	0.019858	6071.048828
10887.128269	1.727952	0.019858	7621.021484
10887.129240	1.670973	0.019858	9243.536133
10887.130294	1.611354	0.019858	10941.903320
10887.131216	0.757174	0.019858	11640.017578
10887.132079	0.091278	0.019858	11718.791016
10887.133185	0.090626	0.019858	11819.023437
10887.134170	0.090491	0.019858	11908.157227
10887.135049	0.090542	0.019858	11987.743164
10887.136044	0.090656	0.019858	12077.945312
10887.137079	0.090546	0.019858	12171.660156
10887.137961	0.090531	0.019858	12251.508789
10887.138818	0.090601	0.019858	12329.153320
10887.139913	0.090641	0.019858	12428.405273
10887.140875	0.090494	0.019858	12515.460937
10888.148415	1.452612	0.008719	617.360229
10888.149358	1.899990	0.008719	2409.051025
10888.150429	1.845916	0.008719	4386.026367
10888.151331	1.786831	0.008719	5997.748047
10888.152198	1.731896	0.008719	7499.301758
10888.153253	1.669955	0.008719	9261.103516
10888.154208	1.615877	0.008719	10804.265625
10888.155095	0.970895	0.008719	11665.449219
10888.156015	0.094438	0.008719	11752.333008
10888.157066	0.090538	0.008719	11847.489258
10888.157944	0.090502	0.008719	11926.950195
10888.158803	0.090480	0.008719	12004.671875
10888.159843	0.090677	0.008719	12098.976562
10888.160798	0.090557	0.008719	12185.458008
10888.161654	0.090557	0.008719	12262.974609
10888.162694	0.090692	0.008719	12357.294922
10888.163733	0.090575	0.008719	12451.402344
10888.164605	0.090527	0.008719	12530.341797
10889.215487	1.476614	0.010842	730.923828
10889.216543	1.895504	0.010842	2732.576172
10889.217488	1.842338	0.010842	4473.585449
10889.218363	1.784352	0.010842	6034.893555
10889.219431	1.718665	0.010842	7870.427246
10889.220440	1.659001	0.010842	9544.359375
10889.221335	1.608776	0.010842	10984.213867
10889.222301	0.672601	0.010842	11633.946289
10889.223339	0.090410	0.010842	11727.791992
10889.224266	0.090421	0.010842	11811.612305
10889.225127	0.090579	0.010842	11889.600586
10889.226201	0.090663	0.010842	11986.972656
10889.227184	0.090524	0.010842	12075.957031
10889.228063	0.090564	0.010842	12155.562500
10889.229039	0.090513	0.010842	12243.903320
10889.230089	0.090546	0.010842	12338.976562
10889.230987	0.090502	0.010842	12420.247070
10889.231844	0.090571	0.010842	12497.866211
10890.240463	1.487717	0.003309	659.058777
10890.241337	1.904253	0.003309	2323.375732
10890.242313	1.854320	0.003309	4133.192383
10890.243367	1.786582	0.003309	6016.250000
10890.244274	1.729406	0.003309	7584.820801
10890.245143	1.675514	0.003309	9040.842773
10890.246252	1.614661	0.003309	10831.500977
10890.247228	0.799512	0.003309	11611.824219
10890.248095	0.091326	0.003309	11691.003906
10890.249192	0.090549	0.003309	11790.336914
10890.250218	0.090531	0.003309	11883.221680
10890.251110	0.090568	0.003309	11964.007812
10890.252038	0.090557	0.003309	12048.043945
10890.253074	0.090582	0.003309	12141.886719
10890.254012	0.090505	0.003309	12226.780273
10890.254874	0.090590	0.003309	12304.868164
10890.255922	0.090663	0.003309	12399.882812
10890.256940	0.090564	0.003309	12492.077148
10891.306514	1.524346	0.014049	775.891907
10891.307411	1.901752	0.014049	2481.763184
10891.308275	1.854005	0.014049	4083.623535
10891.309376	1.784469	0.014049	6048.323730
10891.310375	1.721949	0.014049	7768.551270
10891.311273	1.669266	0.014049	9267.552734
10891.312260	1.613991	0.014049	10860.561523
10891.313326	0.635138	0.014049	11537.618164
10891.314221	0.090322	0.014049	11618.457031
10891.315128	0.090502	0.014049	11700.541992
10891.316011	0.090476	0.014049	11780.432617
10891.316972	0.090560	0.014049	11867.460937
10891.317912	0.090476	0.014049	11952.508789
10891.318791	0.090491	0.014049	12032.049805
10891.319727	0.090571	0.014049	12116.824219
10891.320657	0.090509	0.014049	12200.998047
10891.321578	0.090502	0.014049	12284.350586
10891.322457	0.090626	0.014049	12364.010742
10892.332573	1.530121	0.012474	775.771240
10892.333582	1.896969	0.012474	2689.812988
10892.334454	1.848461	0.012474	4301.670898
10892.335447	1.784095	0.012474	6073.277344
10892.336501	1.718807	0.012474	7884.900391
10892.337400	1.664919	0.012474	9381.663086
10892.338272	1.613320	0.012474	10788.478516
10892.339394	0.614139	0.012474	11477.542969
10892.340351	0.090264	0.012474	11563.925781
10892.341213	0.090531	0.012474	11641.963867
10892.342291	0.090670	0.012474	11739.706055
10892.343335	0.090553	0.012474	11834.243164
10892.344224	0.090542	0.012474	11914.735352
10892.345150	0.090637	0.012474	11998.665039
10892.346214	0.090688	0.012474	12095.157227
10892.347163	0.090472	0.012474	12181.015625
10892.348028	0.090579	0.012474	12259.366211
10892.349088	0.090645	0.012474	12355.449219
10893.395381	1.440743	0.013924	603.671509
10893.396397	1.899617	0.013924	2533.682129
10893.397316	1.849515	0.013924	4233.386719
10893.398254	1.789669	0.013924	5912.096680
10893.399125	1.732537	0.013924	7421.136230
10893.400176	1.672354	0.013924	9178.779297
10893.401070	1.621648	0.013924	10628.532227
10893.401937	1.095029	0.013924	11577.922852
10893.403026	0.093215	0.013924	11679.434570
10893.403920	0.090425	0.013924	11760.274414
10893.404794	0.090513	0.013924	11839.382812
10893.405796	0.090597	0.013924	11930.161133
10893.406791	0.090498	0.013924	12020.207031
10893.407672	0.090491	0.013924	12099.929687
10893.408528	0.090619	0.013924	12177.499023
10893.409583	0.090615	0.013924	12273.097656
10893.410515	0.090538	0.013924	12357.479492
10893.411390	0.090626	0.013924	12436.777344
10894.422586	1.574410	0.008695	851.756042
10894.423547	1.897848	0.008695	2675.587891
10894.424424	1.849350	0.008695	4297.468262
10894.425322	1.788754	0.008695	5903.769043
10894.426415	1.723704	0.008695	7787.777344
10894.427288	1.670101	0.008695	9245.775391
10894.428194	1.618227	0.008695	10711.889648
10894.429269	0.765989	0.008695	11535.327148
10894.430217	0.090564	0.008695	11621.181641
10894.431089	0.090450	0.008695	11700.054687
10894.432103	0.090645	0.008695	11791.967773
10894.433129	0.090527	0.008695	11884.848633
10894.434026	0.090597	0.008695	11966.114258
10894.434958	0.090601	0.008695	12050.553711
10894.436008	0.090615	0.008695	12145.699219
10894.436954	0.090575	0.008695	12231.382812
10894.437814	0.090641	0.008695	12309.333984
10894.438869	0.090688	0.008695	12405.010742
10895.488437	1.452975	0.013815	608.796448
10895.489552	1.896614	0.013815	2723.520752
10895.490447	1.846864	0.013815	4376.463867
10895.491310	1.789680	0.013815	5920.958008
10895.492383	1.722045	0.013815	7768.711914
10895.493370	1.664326	0.013815	9411.402344
10895.494242	1.615503	0.013815	10820.121094
10895.495287	0.706556	0.013815	11558.472656
10895.496324	0.090421	0.013815	11652.239258
10895.497209	0.090487	0.013815	11732.320312
10895.498114	0.090612	0.013815	11814.324219
10895.499205	0.090604	0.013815	11913.173828
10895.500157	0.090597	0.013815	11999.421875
10895.501028	0.090535	0.013815	12078.277344
10895.502057	0.090685	0.013815	12171.591797
10895.503083	0.090626	0.013815	12264.574219
10895.503973	0.090546	0.013815	12345.160156
10895.504929	0.090729	0.013815	12431.896484
10896.513482	1.456809	0.010673	633.711914
10896.514349	1.903301	0.010673	2283.873535
10896.515422	1.849548	0.010673	4268.438965
10896.516435	1.783905	0.010673	6075.534668
10896.517318	1.728530	0.010673	7601.827148
10896.518328	1.670010	0.010673	9288.537109
10896.519388	1.609867	0.010673	10994.996094
10896.520295	0.729968	0.010673	11657.077148
10896.521152	0.091135	0.010673	11735.179687
10896.522238	0.090557	0.010673	11833.524414
10896.523227	0.090535	0.010673	11923.063477
10896.524108	0.090542	0.010673	12002.831055
10896.525076	0.090670	0.010673	12090.599609
10896.526123	0.090634	0.010673	12185.493164
10896.527018	0.090623	0.010673	12266.600586
10896.527879	0.090707	0.010673	12344.699219
10896.528974	0.090677	0.010673	12443.991211
10896.529955	0.090601	0.010673	12532.870117
10897.579521	1.523280	0.014004	734.220947
10897.580406	1.902539	0.014004	2417.968262
10897.581273	1.857601	0.014004	4028.508545
10897.582233	1.796001	0.014004	5752.669434
10897.583206	1.734291	0.014004	7440.134277
10897.584116	1.680143	0.014004	8969.064453
10897.584995	1.629972	0.014004	10401.809570
10897.586016	1.154634	0.014004	11580.690430
10897.586918	0.100074	0.014004	11670.958008
10897.587778	0.090472	0.014004	11748.764648
10897.588860	0.090674	0.014004	11846.874023
10897.589839	0.090509	0.014004	11935.482422
10897.590714	0.090564	0.014004	12014.725586
10897.591576	0.090590	0.014004	12092.813477
10897.592674	0.090571	0.014004	12192.260742
10897.593563	0.090494	0.014004	12272.709961
10897.594428	0.090520	0.014004	12351.009766
10897.595421	0.090703	0.014004	12441.078125
10898.604554	1.475160	0.006355	746.430908
10898.605613	1.894761	0.006355	2752.982422
10898.606568	1.840540	0.006355	4510.697754
10898.607434	1.782869	0.006355	6054.662109
10898.608508	1.717192	0.006355	7898.926758
10898.609525	1.657544	0.006355	9584.648437
10898.610407	1.608241	0.006355	11003.117187
10898.611400	0.629747	0.006355	11628.456055
10898.612445	0.090359	0.006355	11722.880859
10898.613356	0.090491	0.006355	11805.318359
10898.614214	0.090634	0.006355	11883.082031
10898.615276	0.090579	0.006355	11979.276367
10898.616269	0.090542	0.006355	12069.184570
10898.617137	0.090564	0.006355	12147.793945
10898.618107	0.090590	0.006355	12235.666016
10898.619154	0.090509	0.006355	12330.428711
10898.620061	0.090553	0.006355	12412.560547
10898.620925	0.090527	0.006355	12490.776367
10899.670461	1.443120	0.010560	608.996704
10899.671483	1.898218	0.010560	2548.975342
10899.672548	1.842253	0.010560	4510.975098
10899.673436	1.783136	0.010560	6094.399902
10899.674334	1.725996	0.010560	7644.344727
10899.675405	1.663960	0.010560	9426.446289
10899.676369	1.610039	0.010560	10978.523437
10899.677236	0.810311	0.010560	11681.063477
10899.678254	0.090864	0.010560	11773.563477
10899.679290	0.090524	0.010560	11867.345703
10899.680175	0.090516	0.010560	11947.453125
10899.681111	0.090619	0.010560	12032.272461
10899.682175	0.090630	0.010560	12128.703125
10899.683110	0.090527	0.010560	12213.346680
10899.683974	0.090535	0.010560	12291.568359
10899.685018	0.090648	0.010560	12386.205078
10899.686037	0.090520	0.010560	12478.445312
10899.686923	0.090579	0.010560	12558.698242
10900.695582	1.542341	0.015048	785.051697
10900.696491	1.900796	0.015048	2512.875000
10900.697359	1.852456	0.015048	4120.806641
10900.698456	1.783656	0.015048	6077.477539
10900.699448	1.721389	0.015048	7785.095703
10900.700330	1.669219	0.015048	9257.346680
10900.701357	1.612324	0.015048	10913.203125
10900.702428	0.590878	0.015048	11546.033203
10900.703303	0.090333	0.015048	11625.075195
10900.704170	0.090509	0.015048	11703.546875
10900.705259	0.090586	0.015048	11802.195312
10900.706225	0.090450	0.015048	11889.570312
10900.707080	0.090480	0.015048	11966.930664
10900.708133	0.090601	0.015048	12062.333008
10900.709169	0.090483	0.015048	12156.074219
10900.710058	0.090487	0.015048	12236.517578
10900.710982	0.090601	0.015048	12320.232422
10900.712048	0.090575	0.015048	12416.785156
10901.761568	1.545491	0.014093	791.291199
10901.762581	1.896222	0.014093	2712.164062
10901.763462	1.847293	0.014093	4339.628906
10901.764447	1.783985	0.014093	6096.854492
10901.765497	1.718390	0.014093	7901.164062
10901.766403	1.664377	0.014093	9409.089844
10901.767265	1.614067	0.014093	10800.416016
10901.768373	0.650171	0.014093	11520.805664
10901.769373	0.090355	0.014093	11611.161133
10901.770241	0.090465	0.014093	11689.684570
10901.771228	0.090670	0.014093	11779.175781
10901.772299	0.090579	0.014093	11876.185547
10901.773177	0.090509	0.014093	11955.652344
10901.774046	0.090615	0.014093	12034.397461
10901.775133	0.090597	0.014093	12132.875977
10901.776097	0.090516	0.014093	12220.133789
10901.776965	0.090491	0.014093	12298.679687
10901.777987	0.090703	0.014093	12391.377930
10902.785551	1.520662	0.013400	770.975464
10902.786433	1.902089	0.013400	2448.617676
10902.787321	1.853306	0.013400	4094.353027
10902.788416	1.784385	0.013400	6048.254395
10902.789382	1.724469	0.013400	7714.091797
10902.790250	1.672540	0.013400	9165.856445
10902.791286	1.614368	0.013400	10838.341797
10902.792321	0.679753	0.013400	11541.886719
10902.793199	0.090652	0.013400	11621.479492
10902.794141	0.090546	0.013400	11706.773437
10902.795188	0.090601	0.013400	11801.631836
10902.796120	0.090469	0.013400	11885.948242
10902.796977	0.090491	0.013400	11963.499023
10902.798015	0.090597	0.013400	12057.539062
10902.799027	0.090509	0.013400	12149.133789
10902.799902	0.090487	0.013400	12228.309570
10902.800846	0.090641	0.013400	12313.875000
10902.801897	0.090626	0.013400	12409.123047
10903.852505	1.467711	0.017497	650.196045
10903.853373	1.903982	0.017497	2302.852295
10903.854385	1.852595	0.017497	4177.678711
10903.855444	1.785088	0.017497	6068.086914
10903.856328	1.728680	0.017497	7596.240234
10903.857219	1.673932	0.017497	9087.713867
10903.858313	1.614001	0.017497	10853.431641
10903.859274	0.791429	0.017497	11613.995117
10903.860133	0.091483	0.017497	11692.579102
10903.861176	0.090549	0.017497	11787.022461
10903.862208	0.090516	0.017497	11880.435547
10903.863079	0.090557	0.017497	11959.310547
10903.864010	0.090648	0.017497	12043.704102
10903.865064	0.090615	0.017497	12139.212891
10903.866008	0.090531	0.017497	12224.673828
10903.866875	0.090612	0.017497	12303.234375
10903.867895	0.090641	0.017497	12395.688477
10903.868927	0.090608	0.017497	12489.196289
10904.877623	1.572488	0.011652	861.723328
10904.878683	1.893241	0.011652	2868.558594
10904.879573	1.841433	0.011652	4507.434082
10904.880482	1.781191	0.011652	6126.537109
10904.881564	1.715010	0.011652	7982.177734
10904.882521	1.659412	0.011652	9570.234375
10904.883393	1.610006	0.011652	10974.160156
10904.884439	0.574105	0.011652	11574.673828
10904.885462	0.090315	0.011652	11667.066406
10904.886354	0.090542	0.011652	11747.830078
10904.887284	0.090604	0.011652	11832.091797
10904.888337	0.090590	0.011652	11927.482422
10904.889271	0.090469	0.011652	12011.980469
10904.890131	0.090648	0.011652	12089.937500
10904.891169	0.090740	0.011652	12184.125000
10904.892174	0.090516	0.011652	12275.093750
10904.893061	0.090568	0.011652	12355.426758
10904.894011	0.090703	0.011652	12441.594727
10905.943491	1.458812	0.014371	627.289307
10905.944356	1.902689	0.014371	2273.115723
10905.945406	1.851669	0.014371	4217.368164
10905.946291	1.793851	0.014371	5804.926758
10905.947152	1.738268	0.014371	7301.575195
10905.948223	1.675869	0.014371	9096.430664
10905.949159	1.622556	0.014371	10615.143555
10905.950032	1.181210	0.014371	11646.339844
10905.950990	0.105590	0.014371	11747.495117
10905.952020	0.090513	0.014371	11840.723633
10905.952912	0.090509	0.014371	11921.458008
10905.953778	0.090557	0.014371	11999.879883
10905.954812	0.090637	0.014371	12093.598633
10905.955765	0.090450	0.014371	12179.797852
10905.956642	0.090502	0.014371	12259.167969
10905.957567	0.090685	0.014371	12343.051758
10905.958619	0.090648	0.014371	12438.414062
10905.959500	0.090542	0.014371	12518.181641
10906.968567	1.513905	0.016852	726.674377
10906.969446	1.902836	0.016852	2399.266846
10906.970373	1.854642	0.016852	4118.520508
10906.971438	1.785930	0.016852	6020.536133
10906.972383	1.726685	0.016852	7652.252930
10906.973255	1.674386	0.016852	9112.317383
10906.974320	1.614858	0.016852	10832.141602
10906.975326	0.736172	0.016852	11572.730469
10906.976205	0.091106	0.016852	11652.812500
10906.977170	0.090597	0.016852	11740.238281
10906.978218	0.090575	0.016852	11835.161133
10906.979139	0.090421	0.016852	11918.439453
10906.979997	0.090564	0.016852	11996.143555
10906.981074	0.090626	0.016852	12093.748047
10906.982079	0.090538	0.016852	12184.739258
10906.982949	0.090472	0.016852	12263.450195
10906.983928	0.090516	0.016852	12352.065430
10906.984958	0.090623	0.016852	12445.406250
10908.032457	1.465646	0.020055	637.555847
10908.033321	1.902224	0.020055	2281.077637
10908.034412	1.848355	0.020055	4297.632324
10908.035406	1.783367	0.020055	6070.298828
10908.036296	1.728285	0.020055	7608.472656
10908.037286	1.670160	0.020055	9261.930664
10908.038339	1.611562	0.020055	10958.906250
10908.039225	0.800933	0.020055	11668.532227
10908.040092	0.091699	0.020055	11748.035156
10908.041194	0.090630	0.020055	11847.909180
10908.042142	0.090494	0.020055	11933.698242
10908.042999	0.090524	0.020055	12011.277344
10908.044038	0.090579	0.020055	12105.388672
10908.045092	0.090582	0.020055	12200.862305
10908.045972	0.090542	0.020055	12280.539062
10908.046896	0.090597	0.020055	12364.250977
10908.047951	0.090564	0.020055	12459.795898
10908.048896	0.090535	0.020055	12545.351562
10909.062588	1.444812	0.014947	608.265869
10909.063542	1.900129	0.014947	2420.989258
10909.064607	1.845114	0.014947	4386.035156
10909.065543	1.783857	0.014947	6055.725586
10909.066461	1.726901	0.014947	7641.020508
10909.067328	1.674613	0.014947	9092.910156
10909.068362	1.617349	0.014947	10765.249023
10909.069262	0.986305	0.014947	11652.923828
10909.070133	0.094288	0.014947	11735.048828
10909.071078	0.090465	0.014947	11820.538086
10909.072061	0.090491	0.014947	11909.490234
10909.072978	0.090483	0.014947	11992.463867
10909.073833	0.090546	0.014947	12069.880859
10909.074888	0.090553	0.014947	12165.414062
10909.075788	0.090494	0.014947	12246.859375
10909.076658	0.090560	0.014947	12325.646484
10909.077524	0.090579	0.014947	12404.087891
10909.078591	0.090476	0.014947	12500.625977
10910.120492	1.561912	0.013876	827.813232
10910.121550	1.893896	0.013876	2831.555664
10910.122446	1.842367	0.013876	4482.316406
10910.123384	1.781276	0.013876	6153.152832
10910.124460	1.714585	0.013876	7998.046387
10910.125407	1.658848	0.013876	9568.974609
10910.126276	1.609383	0.013876	10967.529297
10910.127345	0.544852	0.013876	11549.976562
10910.128341	0.090377	0.013876	11639.992187
10910.129216	0.090582	0.013876	11719.251953
10910.130193	0.090659	0.013876	11807.826172
10910.131230	0.090663	0.013876	11901.843750
10910.132149	0.090582	0.013876	11985.088867
10910.133007	0.090619	0.013876	12062.839844
10910.134082	0.090597	0.013876	12160.231445
10910.135087	0.090557	0.013876	12251.241211
10910.135957	0.090483	0.013876	12329.961914
10910.136920	0.090634	0.013876	12417.242187
10911.156768	1.506753	0.015064	794.058838
10911.157826	1.893571	0.015064	2797.456543
10911.158743	1.841038	0.015064	4485.687988
10911.159615	1.782975	0.015064	6040.441895
10911.160679	1.717764	0.015064	7868.142578
10911.161676	1.659111	0.015064	9522.276367
10911.162565	1.609471	0.015064	10953.096680
10911.163562	0.644257	0.015064	11595.420898
10911.164621	0.090472	0.015064	11691.231445
10911.165522	0.090524	0.015064	11772.792969
10911.166383	0.090520	0.015064	11850.730469
10911.167478	0.090696	0.015064	11950.041992
10911.168451	0.090557	0.015064	12038.153320
10911.169322	0.090568	0.015064	12117.038086
10911.170408	0.090692	0.015064	12215.529297
10911.171432	0.090542	0.015064	12308.244141
10911.172321	0.090612	0.015064	12388.797852
10911.173235	0.090601	0.015064	12471.606445
10912.208330	1.470674	0.016301	644.155151
10912.209209	1.903769	0.016301	2317.568359
10912.210074	1.860937	0.016301	3927.279297
10912.211179	1.791108	0.016301	5906.454102
10912.212078	1.732808	0.016301	7464.248047
10912.212995	1.678854	0.016301	9003.756836
10912.213861	1.627211	0.016301	10412.921875
10912.214920	1.093568	0.016301	11571.010742
10912.215798	0.098218	0.016301	11657.246094
10912.216653	0.090315	0.016301	11734.465820
10912.217713	0.090491	0.016301	11830.385742
10912.218630	0.090417	0.016301	11913.298828
10912.219503	0.090432	0.016301	11992.246094
10912.220482	0.090472	0.016301	12080.818359
10912.221496	0.090381	0.016301	12172.464844
10912.222385	0.090406	0.016301	12252.835937
10912.223244	0.090436	0.016301	12330.520508
10912.224302	0.090557	0.016301	12426.329102
10913.250848	1.540466	0.022399	790.259216
10913.251776	1.899957	0.022399	2553.419434
10913.252648	1.852826	0.022399	4169.083984
10913.253614	1.790438	0.022399	5898.647461
10913.254655	1.724872	0.022399	7694.239258
10913.255553	1.671650	0.022399	9195.380859
10913.256421	1.621674	0.022399	10602.993164
10913.257487	0.871036	0.022399	11531.517578
10913.258425	0.091208	0.022399	11617.071289
10913.259302	0.090469	0.022399	11696.412109
10913.260253	0.090615	0.022399	11782.586914
10913.261288	0.090590	0.022399	11876.346680
10913.262180	0.090491	0.022399	11957.064453
10913.263109	0.090575	0.022399	12041.208984
10913.264160	0.090509	0.022399	12136.333984
10913.265090	0.090575	0.022399	12220.568359
10913.265952	0.090608	0.022399	12298.672852
10913.267008	0.090641	0.022399	12394.389648
10914.297350	1.517571	0.015861	755.750244
10914.298288	1.900338	0.015861	2538.267334
10914.299155	1.853258	0.015861	4145.041992
10914.300223	1.784656	0.015861	6051.054199
10914.301245	1.721067	0.015861	7809.984375
10914.302145	1.667622	0.015861	9310.843750
10914.303110	1.613939	0.015861	10868.294922
10914.304154	0.654108	0.015861	11551.183594
10914.305070	0.090447	0.015861	11634.033203
10914.305930	0.090454	0.015861	11711.824219
10914.307008	0.090696	0.015861	11809.594727
10914.308002	0.090560	0.015861	11899.611328
10914.308875	0.090546	0.015861	11978.657227
10914.309877	0.090718	0.015861	12069.556641
10914.310927	0.090623	0.015861	12164.709961
10914.311829	0.090531	0.015861	12246.369141
10914.312684	0.090564	0.015861	12323.801758
10914.313748	0.090546	0.015861	12420.142578
10915.341771	1.463727	0.011805	642.576050
10915.342631	1.901587	0.011805	2277.940918
10915.343755	1.846696	0.011805	4353.626953
10915.344721	1.783726	0.011805	6076.706055
10915.345580	1.729391	0.011805	7562.252930
10915.346648	1.665729	0.011805	9341.250977
10915.347702	1.607618	0.011805	11035.680664
10915.348591	0.702239	0.011805	11659.970703
10915.349518	0.090886	0.011805	11744.222656
10915.350586	0.090619	0.011805	11841.003906
10915.351527	0.090590	0.011805	11926.249023
10915.352393	0.090630	0.011805	12004.734375
10915.353434	0.090688	0.011805	12099.140625
10915.354447	0.090612	0.011805	12190.929687
10915.355340	0.090542	0.011805	12271.783203
10915.356290	0.090630	0.011805	12357.881836
10915.357340	0.090608	0.011805	12453.020508
10915.358269	0.090623	0.011805	12537.208984
10916.387338	1.515498	0.015112	757.749023
10916.388249	1.901052	0.015112	2489.607666
10916.389122	1.852705	0.015112	4107.019043
10916.390223	1.783282	0.015112	6070.413086
10916.391213	1.721583	0.015112	7774.780273
10916.392109	1.668889	0.015112	9270.105469
10916.393120	1.612610	0.015112	10900.454102
10916.394180	0.614172	0.015112	11551.476562
10916.395066	0.090436	0.015112	11631.602539
10916.395949	0.090494	0.015112	11711.508789
10916.397029	0.090626	0.015112	11809.384766
10916.397978	0.090465	0.015112	11895.236328
10916.398837	0.090546	0.015112	11973.014648
10916.399888	0.090623	0.015112	12068.258789
10916.400920	0.090579	0.015112	12161.736328
10916.401795	0.090564	0.015112	12240.979492
10916.402707	0.090615	0.015112	12323.620117
10916.403776	0.090586	0.015112	12420.456055
10917.432768	1.458061	0.006367	621.134155
10917.433837	1.897229	0.006367	2649.271973
10917.434759	1.846769	0.006367	4351.992676
10917.435633	1.789585	0.006367	5916.089844
10917.436621	1.729156	0.006367	7624.496582
10917.437641	1.667798	0.006367	9325.650391
10917.438523	1.617323	0.006367	10752.128906
10917.439396	1.037750	0.006367	11658.084961
10917.440453	0.091886	0.006367	11755.208008
10917.441384	0.090502	0.006367	11839.464844
10917.442260	0.090498	0.006367	11918.741211
10917.443207	0.090608	0.006367	12004.546875
10917.444231	0.090524	0.006367	12097.243164
10917.445126	0.090513	0.006367	12178.251953
10917.446078	0.090553	0.006367	12264.458008
10917.447122	0.090593	0.006367	12359.037109
10917.448056	0.090590	0.006367	12443.647461
10917.448919	0.090560	0.006367	12521.800781
10918.481351	1.465386	0.011527	637.442749
10918.482218	1.902158	0.011527	2286.614014
10918.483298	1.847988	0.011527	4282.441406
10918.484302	1.782762	0.011527	6072.334961
10918.485195	1.727443	0.011527	7614.941406
10918.486186	1.668746	0.011527	9268.668945
10918.487249	1.609292	0.011527	10979.346680
10918.488158	0.732843	0.011527	11645.500977
10918.489019	0.091080	0.011527	11723.920898
10918.490128	0.090520	0.011527	11824.307617
10918.491097	0.090476	0.011527	11911.978516
10918.491963	0.090531	0.011527	11990.377930
10918.493000	0.090597	0.011527	12084.327148
10918.494042	0.090505	0.011527	12178.633789
10918.494933	0.090524	0.011527	12259.290039
10918.495853	0.090634	0.011527	12342.672852
10918.496909	0.090619	0.011527	12438.366211
10918.497847	0.090465	0.011527	12523.222656
10919.523867	1.530029	0.015704	778.784912
10919.524753	1.901543	0.015704	2463.551758
10919.525642	1.852518	0.015704	4110.440430
10919.526729	1.783901	0.015704	6049.541016
10919.527689	1.724594	0.015704	7705.150879
10919.528554	1.672870	0.015704	9152.183594
10919.529600	1.614177	0.015704	10840.613281
10919.530645	0.669591	0.015704	11540.335937
10919.531525	0.090571	0.015704	11620.039062
10919.532475	0.090557	0.015704	11706.067383
10919.533523	0.090667	0.015704	11801.085937
10919.534454	0.090571	0.015704	11885.408203
10919.535327	0.090571	0.015704	11964.476562
10919.536350	0.090667	0.015704	12057.228516
10919.537363	0.090601	0.015704	12149.006836
10919.538252	0.090568	0.015704	12229.521484
10919.539196	0.090619	0.015704	12315.065430
10919.540245	0.090623	0.015704	12410.128906
10920.572347	1.446936	0.016756	612.053955
10920.573400	1.897398	0.016756	2610.013672
10920.574338	1.846406	0.016756	4341.942871
10920.575220	1.788878	0.016756	5919.733398
10920.576159	1.730002	0.016756	7544.205566
10920.577216	1.667421	0.016756	9306.668945
10920.578122	1.616268	0.016756	10771.007812
10920.578997	1.014496	0.016756	11658.691406
10920.580058	0.091586	0.016756	11755.864258
10920.581003	0.090447	0.016756	11841.336914
10920.581865	0.090575	0.016756	11919.412109
10920.582922	0.090718	0.016756	12015.300781
10920.583926	0.090520	0.016756	12106.182617
10920.584816	0.090502	0.016756	12186.729492
10920.585761	0.090652	0.016756	12272.395508
10920.586814	0.090626	0.016756	12367.825195
10920.587736	0.090513	0.016756	12451.278320
10920.588596	0.090502	0.016756	12529.109375
10921.612817	1.527869	0.014601	771.573669
10921.613832	1.896302	0.014601	2696.320557
10921.614728	1.846531	0.014601	4350.812012
10921.615696	1.784059	0.014601	6077.780762
10921.616760	1.717518	0.014601	7905.220215
10921.617686	1.662638	0.014601	9444.823242
10921.618554	1.612482	0.014601	10844.457031
10921.619633	0.623980	0.014601	11517.730469
10921.620624	0.090282	0.014601	11607.200195
10921.621501	0.090505	0.014601	11686.573242
10921.622499	0.090648	0.014601	11777.040039
10921.623541	0.090571	0.014601	11871.415039
10921.624435	0.090520	0.014601	11952.339844
10921.625291	0.090564	0.014601	12029.862305
10921.626387	0.090637	0.014601	12129.201172
10921.627372	0.090480	0.014601	12218.323242
10921.628245	0.090549	0.014601	12297.373047
10921.629122	0.090553	0.014601	12376.788086
10922.664398	1.473732	0.017086	648.441895
10922.665261	1.901389	0.017086	2289.340820
10922.666362	1.847618	0.017086	4323.568848
10922.667327	1.784945	0.017086	6046.041016
10922.668190	1.730350	0.017086	7539.333496
10922.669248	1.668080	0.017086	9304.162109
10922.670291	1.609940	0.017086	10983.330078
10922.671173	0.774309	0.017086	11666.270508
10922.672073	0.091293	0.017086	11748.433594
10922.673158	0.090597	0.017086	11846.731445
10922.674102	0.090513	0.017086	11932.175781
10922.674969	0.090549	0.017086	12010.681641
10922.675987	0.090593	0.017086	12102.905273
10922.677010	0.090571	0.017086	12195.559570
10922.677900	0.090509	0.017086	12276.112305
10922.678845	0.090612	0.017086	12361.740234
10922.679899	0.090575	0.017086	12457.206055
10922.680838	0.090553	0.017086	12542.235352
10923.702785	1.517197	0.020828	741.909485
10923.703773	1.897493	0.020828	2616.632324
10923.704666	1.849094	0.020828	4267.873535
10923.705660	1.784886	0.020828	6042.050781
10923.706719	1.719086	0.020828	7862.562500
10923.707623	1.665136	0.020828	9367.844727
10923.708492	1.613522	0.020828	10769.995117
10923.709615	0.632421	0.020828	11480.203125
10923.710575	0.090374	0.020828	11566.961914
10923.711437	0.090520	0.020828	11644.990234
10923.712503	0.090630	0.020828	11741.601562
10923.713526	0.090648	0.020828	11834.334961
10923.714412	0.090549	0.020828	11914.561523
10923.715323	0.090608	0.020828	11997.105469
10923.716385	0.090579	0.020828	12093.299805
10923.717321	0.090516	0.020828	12178.023437
10923.718180	0.090601	0.020828	12255.849609
10923.719216	0.090703	0.020828	12349.818359
10924.756521	1.551526	0.016284	803.690430
10924.757425	1.900111	0.016284	2521.390869
10924.758290	1.852295	0.016284	4123.625977
10924.759383	1.783169	0.016284	6072.629883
10924.760389	1.720386	0.016284	7803.337891
10924.761274	1.668087	0.016284	9279.594727
10924.762280	1.612526	0.016284	10901.794922
10924.763332	0.629608	0.016284	11564.142578
10924.764214	0.090454	0.016284	11643.922852
10924.765073	0.090546	0.016284	11721.701172
10924.766182	0.090703	0.016284	11822.291016
10924.767135	0.090593	0.016284	11908.625977
10924.768007	0.090623	0.016284	11987.648437
10924.769020	0.090623	0.016284	12079.449219
10924.770067	0.090557	0.016284	12174.261719
10924.770952	0.090637	0.016284	12254.475586
10924.771839	0.090648	0.016284	12334.880859
10924.772932	0.090549	0.016284	12433.851562
10925.792788	1.488439	0.017424	765.057495
10925.793753	1.898218	0.017424	2596.837646
10925.794670	1.847919	0.017424	4291.378906
10925.795549	1.790109	0.017424	5864.884277
10925.796589	1.726490	0.017424	7660.434570
10925.797485	1.672280	0.017424	9158.797852
10925.798351	1.623047	0.017424	10564.356445
10925.799404	0.914637	0.017424	11527.469727
10925.800371	0.091366	0.017424	11615.820312
10925.801251	0.090417	0.017424	11695.387695
10925.802137	0.090634	0.017424	11775.689453
10925.803230	0.090549	0.017424	11874.660156
10925.804107	0.090476	0.017424	11954.007812
10925.804966	0.090538	0.017424	12031.780273
10925.806010	0.090663	0.017424	12126.432617
10925.806985	0.090604	0.017424	12214.771484
10925.807861	0.090608	0.017424	12294.143555
10925.808721	0.090560	0.017424	12372.025391
10926.848538	1.501512	0.019640	782.287964
10926.849599	1.893680	0.019640	2791.482910
10926.850524	1.840184	0.019640	4493.653320
10926.851449	1.780334	0.019640	6140.462891
10926.852320	1.724476	0.019640	7642.481445
10926.853365	1.664473	0.019640	9381.855469
10926.854249	1.614738	0.019640	10809.283203
10926.855130	0.958455	0.019640	11653.681641
10926.856113	0.093926	0.019640	11746.010742
10926.857054	0.090483	0.019640	11831.155273
10926.857957	0.090608	0.019640	11912.974609
10926.858829	0.090546	0.019640	11991.930664
10926.859840	0.090568	0.019640	12083.494141
10926.860736	0.090553	0.019640	12164.629883
10926.861611	0.090531	0.019640	12243.844727
10926.862515	0.090608	0.019640	12325.753906
10926.863526	0.090476	0.019640	12417.225586
10926.864419	0.090619	0.019640	12498.148437
10927.883721	1.465525	0.010782	634.572266
10927.884591	1.902129	0.010782	2289.424561
10927.885657	1.848618	0.010782	4260.051758
10927.886661	1.783374	0.010782	6050.559082
10927.887549	1.728505	0.010782	7585.471191
10927.888533	1.670592	0.010782	9229.333984
10927.889593	1.610695	0.010782	10936.669922
10927.890506	0.770585	0.010782	11640.213867
10927.891367	0.091366	0.010782	11718.879883
10927.892474	0.090645	0.010782	11819.223633
10927.893453	0.090524	0.010782	11907.846680
10927.894316	0.090542	0.010782	11985.984375
10927.895430	0.090586	0.010782	12086.897461
10927.896456	0.090667	0.010782	12179.920898
10927.897347	0.090542	0.010782	12260.593750
10927.898271	0.090674	0.010782	12344.375977
10927.899320	0.090597	0.010782	12439.412109
10927.900247	0.090553	0.010782	12523.354492
10928.940484	1.451664	0.019878	624.215454
10928.941352	1.903546	0.019878	2276.493408
10928.942377	1.851801	0.019878	4174.588867
10928.943357	1.788757	0.019878	5927.571289
10928.944247	1.732529	0.019878	7469.522461
10928.945120	1.678074	0.019878	8934.480469
10928.946227	1.618707	0.019878	10726.389648
10928.947123	1.031847	0.019878	11650.924805
10928.947979	0.096116	0.019878	11733.200195
10928.949069	0.090637	0.019878	11831.995117
10928.950035	0.090524	0.019878	11919.441406
10928.950896	0.090560	0.019878	11997.414062
10928.951960	0.090593	0.019878	12093.805664
10928.952993	0.090579	0.019878	12187.373047
10928.953864	0.090590	0.019878	12266.276367
10928.954756	0.090626	0.019878	12347.115234
10928.955841	0.090601	0.019878	12445.416992
10928.956786	0.090535	0.019878	12530.972656
10929.973688	1.441809	0.015640	608.443420
10929.974560	1.900598	0.015640	2265.765137
10929.975672	1.846461	0.015640	4319.029785
10929.976640	1.784037	0.015640	6045.977539
10929.977511	1.729263	0.015640	7552.165039
10929.978539	1.668318	0.015640	9267.195312
10929.979578	1.609739	0.015640	10939.713867
10929.980479	0.783417	0.015640	11645.572266
10929.981409	0.091542	0.015640	11730.706055
10929.982464	0.090571	0.015640	11826.258789
10929.983394	0.090483	0.015640	11910.408203
10929.984262	0.090601	0.015640	11989.049805
10929.985300	0.090736	0.015640	12083.233398
10929.986318	0.090575	0.015640	12175.438477
10929.987212	0.090483	0.015640	12256.331055
10929.988161	0.090604	0.015640	12342.314453
10929.989213	0.090619	0.015640	12437.645508
10929.990131	0.090557	0.015640	12520.776367
10931.030464	1.451960	0.014782	619.987122
10931.031420	1.899514	0.014782	2435.922607
10931.032474	1.845004	0.014782	4380.556641
10931.033409	1.784011	0.014782	6048.607422
10931.034276	1.728303	0.014782	7547.046387
10931.035356	1.665714	0.014782	9346.017578
10931.036358	1.609123	0.014782	10958.359375
10931.037257	0.772284	0.014782	11652.642578
10931.038247	0.091447	0.014782	11743.174805
10931.039289	0.090630	0.014782	11837.611328
10931.040187	0.090538	0.014782	11918.915039
10931.041046	0.090564	0.014782	11996.709961
10931.042140	0.090688	0.014782	12095.922852
10931.043099	0.090557	0.014782	12182.766602
10931.043972	0.090560	0.014782	12261.826172
10931.044965	0.090732	0.014782	12351.923828
10931.046030	0.090604	0.014782	12448.416992
10931.046900	0.090560	0.014782	12527.204102
10932.063673	1.442801	0.013936	605.976624
10932.064627	1.899371	0.013936	2417.976807
10932.065682	1.845073	0.013936	4364.529297
10932.066615	1.784465	0.013936	6029.435547
10932.067488	1.728629	0.013936	7538.528809
10932.068565	1.665882	0.013936	9332.684570
10932.069570	1.609109	0.013936	10949.838867
10932.070469	0.775415	0.013936	11646.936523
10932.071448	0.091458	0.013936	11736.473633
10932.072513	0.090531	0.013936	11832.888672
10932.073420	0.090483	0.013936	11914.957031
10932.074281	0.090509	0.013936	11992.885742
10932.075368	0.090560	0.013936	12091.325195
10932.076333	0.090527	0.013936	12178.684570
10932.077216	0.090604	0.013936	12258.688477
10932.078225	0.090626	0.013936	12350.129883
10932.079262	0.090575	0.013936	12444.055664
10932.080140	0.090516	0.013936	12523.529297
10933.121544	1.481488	0.027527	743.707031
10933.122595	1.895079	0.027527	2735.435547
10933.123486	1.844612	0.027527	4378.984375
10933.124354	1.787355	0.027527	5930.408203
10933.125405	1.721807	0.027527	7740.026855
10933.126367	1.665648	0.027527	9342.380859
10933.127244	1.616191	0.027527	10759.781250
10933.128157	0.924012	0.027527	11603.404297
10933.129234	0.090959	0.027527	11701.367187
10933.130109	0.090417	0.027527	11780.482422
10933.130969	0.090535	0.027527	11858.341797
10933.132006	0.090601	0.027527	11952.294922
10933.132961	0.090491	0.027527	12038.713867
10933.133823	0.090560	0.027527	12116.776367
10933.134680	0.090590	0.027527	12194.412109
10933.135798	0.090597	0.027527	12295.699219
10933.136698	0.090557	0.027527	12377.200195
10933.137558	0.090667	0.027527	12455.173828
10934.156731	1.441175	0.016345	605.293701
10934.157679	1.899357	0.016345	2405.883789
10934.158746	1.844722	0.016345	4374.201660
10934.159691	1.783451	0.016345	6059.562988
10934.160563	1.727875	0.016345	7566.269531
10934.161612	1.666296	0.016345	9314.214844
10934.162624	1.609739	0.016345	10943.270508
10934.163521	0.787456	0.016345	11649.618164
10934.164472	0.091604	0.016345	11736.733398
10934.165516	0.090590	0.016345	11831.308594
10934.166434	0.090542	0.016345	11914.425781
10934.167294	0.090612	0.016345	11992.351562
10934.168363	0.090670	0.016345	12089.278320
10934.169359	0.090557	0.016345	12179.472656
10934.170249	0.090487	0.016345	12260.005859
10934.171233	0.090601	0.016345	12349.157227
10934.172272	0.090531	0.016345	12443.218750
10934.173178	0.090524	0.016345	12525.233398
10935.212515	1.500114	0.022939	694.552612
10935.213396	1.902594	0.022939	2370.737793
10935.214258	1.857832	0.022939	3972.188965
10935.215347	1.789113	0.022939	5920.532715
10935.216280	1.730350	0.022939	7534.949707
10935.217160	1.678023	0.022939	9011.609375
10935.218111	1.624343	0.022939	10556.359375
10935.219143	0.987184	0.022939	11575.132812
10935.220026	0.094069	0.022939	11658.195312
10935.220997	0.090487	0.022939	11746.058594
10935.222054	0.090623	0.022939	11841.846680
10935.222968	0.090582	0.022939	11924.638672
10935.223824	0.090568	0.022939	12002.165039
10935.224888	0.090699	0.022939	12098.668945
10935.225894	0.090498	0.022939	12189.709961
10935.226768	0.090487	0.022939	12268.795898
10935.227731	0.090670	0.022939	12356.111328
10935.228784	0.090524	0.022939	12451.432617
10936.247883	1.576813	0.013062	887.745605
10936.248925	1.892974	0.013062	2860.224121
10936.249809	1.841601	0.013062	4488.199707
10936.250742	1.780474	0.013062	6149.381836
10936.251823	1.714204	0.013062	8002.436523
10936.252771	1.658331	0.013062	9574.534180
10936.253637	1.608940	0.013062	10967.876953
10936.254695	0.556099	0.013062	11556.229492
10936.255721	0.090359	0.013062	11648.937500
10936.256607	0.090487	0.013062	11729.109375
10936.257568	0.090626	0.013062	11816.201172
10936.258628	0.090645	0.013062	11912.284180
10936.259549	0.090549	0.013062	11995.679687
10936.260410	0.090692	0.013062	12073.765625
10936.261471	0.090623	0.013062	12169.916016
10936.262477	0.090505	0.013062	12260.964844
10936.263363	0.090557	0.013062	12341.198242
10936.264337	0.090648	0.013062	12429.489258
10937.303477	1.439645	0.015116	604.650757
10937.304503	1.897797	0.015116	2551.790283
10937.305540	1.842198	0.015116	4462.149902
10937.306430	1.783813	0.015116	6049.744141
10937.307378	1.725568	0.015116	7685.582031
10937.308442	1.661678	0.015116	9453.607422
10937.309395	1.608263	0.015116	10986.282227
10937.310322	0.692959	0.015116	11628.655273
10937.311190	0.090813	0.015116	11707.480469
10937.312223	0.090513	0.015116	11800.980469
10937.313100	0.090549	0.015116	11880.392578
10937.313973	0.090560	0.015116	11959.452148
10937.314909	0.090634	0.015116	12044.285156
10937.315891	0.090516	0.015116	12133.171875
10937.316794	0.090568	0.015116	12214.954102
10937.317691	0.090535	0.015116	12296.164062
10937.318674	0.090634	0.015116	12385.256836
10937.319600	0.090575	0.015116	12469.128906
10938.339792	1.468901	0.022798	638.972046
10938.340769	1.898544	0.022798	2493.849121
10938.341831	1.843063	0.022798	4451.181641
10938.342737	1.783271	0.022798	6066.825684
10938.343602	1.726989	0.022798	7560.670898
10938.344695	1.665114	0.022798	9380.639648
10938.345685	1.608699	0.022798	10973.250977
10938.346571	0.771105	0.022798	11656.450195
10938.347562	0.091282	0.022798	11746.910156
10938.348618	0.090546	0.022798	11842.526367
10938.349516	0.090564	0.022798	11923.852539
10938.350379	0.090659	0.022798	12002.091797
10938.351490	0.090688	0.022798	12102.846680
10938.352445	0.090505	0.022798	12189.279297
10938.353309	0.090549	0.022798	12267.513672
10938.354329	0.090615	0.022798	12359.941406
10938.355373	0.090553	0.022798	12454.478516
10938.356262	0.090538	0.022798	12534.966797
10939.394587	1.537192	0.020720	779.356567
10939.395587	1.895632	0.020720	2674.988770
10939.396478	1.846794	0.020720	4320.482422
10939.397477	1.781916	0.020720	6100.617187
10939.398538	1.716790	0.020720	7922.130859
10939.399433	1.663356	0.020720	9410.833984
10939.400312	1.612020	0.020720	10827.799805
10939.401403	0.608994	0.020720	11492.212891
10939.402356	0.090341	0.020720	11578.307617
10939.403228	0.090472	0.020720	11657.199219
10939.404284	0.090579	0.020720	11752.850586
10939.405312	0.090542	0.020720	11845.927734
10939.406206	0.090597	0.020720	11926.921875
10939.407143	0.090677	0.020720	12011.886719
10939.408181	0.090674	0.020720	12106.005859
10939.409115	0.090568	0.020720	12190.595703
10939.409976	0.090590	0.020720	12268.593750
10939.411015	0.090634	0.020720	12362.761719
10940.431879	1.526418	0.015817	752.524292
10940.432762	1.901561	0.015817	2431.603027
10940.433714	1.851643	0.015817	4194.367187
10940.434775	1.782975	0.015817	6086.103516
10940.435714	1.724495	0.015817	7705.403809
10940.436574	1.672218	0.015817	9143.511719
10940.437639	1.613419	0.015817	10861.802734
10940.438668	0.683540	0.015817	11565.165039
10940.439534	0.090681	0.015817	11643.695312
10940.440510	0.090612	0.015817	11732.131836
10940.441552	0.090604	0.015817	11826.541016
10940.442465	0.090498	0.015817	11909.166016
10940.443335	0.090601	0.015817	11987.988281
10940.444386	0.090557	0.015817	12083.163086
10940.445389	0.090502	0.015817	12173.936523
10940.446274	0.090487	0.015817	12254.017578
10940.447191	0.090575	0.015817	12337.075195
10940.448055	0.090571	0.015817	12415.329102
10941.482441	1.466331	0.013223	634.921143
10941.483308	1.901371	0.013223	2283.409668
10941.484391	1.847450	0.013223	4284.197754
10941.485388	1.782264	0.013223	6061.115234
10941.486287	1.726959	0.013223	7613.651367
10941.487278	1.668186	0.013223	9266.824219
10941.488341	1.609493	0.013223	10977.715820
10941.489233	0.760261	0.013223	11655.869141
10941.490118	0.091285	0.013223	11736.656250
10941.491220	0.090703	0.013223	11836.611328
10941.492169	0.090439	0.013223	11922.438477
10941.493039	0.090531	0.013223	12001.200195
10941.494063	0.090564	0.013223	12093.937500
10941.495093	0.090564	0.013223	12187.218750
10941.495980	0.090546	0.013223	12267.533203
10941.496906	0.090568	0.013223	12351.398437
10941.497947	0.090560	0.013223	12445.671875
10941.498882	0.090571	0.013223	12530.356445
10942.524945	1.537299	0.020619	773.261169
10942.525832	1.901056	0.020619	2459.497803
10942.526708	1.855009	0.020619	4084.485352
10942.527633	1.794917	0.020619	5744.783691
10942.528641	1.731526	0.020619	7490.161621
10942.529536	1.678140	0.020619	8992.096680
10942.530405	1.628544	0.020619	10407.300781
10942.531394	1.150917	0.020619	11545.557617
10942.532305	0.101378	0.020619	11637.913086
10942.533229	0.090447	0.020619	11721.486328
10942.534099	0.090538	0.020619	11800.254883
10942.535124	0.090582	0.020619	11893.101562
10942.536014	0.090645	0.020619	11973.775391
10942.536879	0.090579	0.020619	12052.125977
10942.537953	0.090634	0.020619	12149.466797
10942.538881	0.090557	0.020619	12233.502930
10942.539755	0.090542	0.020619	12312.636719
10942.540714	0.090707	0.020619	12399.625000
10943.571478	1.527777	0.021147	777.638550
10943.572348	1.901301	0.021147	2431.770508
10943.573244	1.852152	0.021147	4091.298828
10943.574342	1.783015	0.021147	6049.049316
10943.575306	1.723436	0.021147	7710.441895
10943.576177	1.671467	0.021147	9166.290039
10943.577199	1.613818	0.021147	10815.612305
10943.578248	0.670920	0.021147	11519.408203
10943.579138	0.090553	0.021147	11600.000000
10943.580076	0.090524	0.021147	11684.911133
10943.581134	0.090615	0.021147	11780.782227
10943.582075	0.090604	0.021147	11866.041016
10943.582938	0.090513	0.021147	11944.153320
10943.584000	0.090656	0.021147	12040.429687
10943.585009	0.090531	0.021147	12131.775391
10943.585900	0.090564	0.021147	12212.467773
10943.586856	0.090659	0.021147	12299.137695
10943.587886	0.090641	0.021147	12392.498047
10944.616887	1.441696	0.014351	606.953857
10944.617897	1.898851	0.014351	2524.793945
10944.618822	1.849914	0.014351	4235.964844
10944.619702	1.792639	0.014351	5813.487305
10944.620701	1.730512	0.014351	7542.268555
10944.621688	1.671193	0.014351	9191.735352
10944.622576	1.621267	0.014351	10631.420898
10944.623441	1.111362	0.014351	11592.749023
10944.624532	0.093453	0.014351	11694.707031
10944.625440	0.090439	0.014351	11776.826172
10944.626307	0.090531	0.014351	11855.316406
10944.627277	0.090608	0.014351	11943.206055
10944.628276	0.090516	0.014351	12033.631836
10944.629163	0.090571	0.014351	12113.968750
10944.630030	0.090564	0.014351	12192.487305
10944.631093	0.090612	0.014351	12288.807617
10944.632024	0.090582	0.014351	12373.139648
10944.632887	0.090648	0.014351	12451.369141
10945.662399	1.445065	0.024160	611.262329
10945.663395	1.898009	0.024160	2501.679443
10945.664448	1.843546	0.024160	4442.933594
10945.665357	1.783290	0.024160	6063.943848
10945.666221	1.726805	0.024160	7555.903809
10945.667330	1.664169	0.024160	9401.466797
10945.668324	1.607922	0.024160	10999.741211
10945.669208	0.747997	0.024160	11660.970703
10945.670195	0.091135	0.024160	11750.920898
10945.671247	0.090601	0.024160	11846.232422
10945.672138	0.090505	0.024160	11926.873047
10945.673004	0.090520	0.024160	12005.263672
10945.673881	0.090648	0.024160	12084.761719
10945.674912	0.090568	0.024160	12178.136719
10945.675800	0.090608	0.024160	12258.596680
10945.676676	0.090564	0.024160	12337.930664
10945.677683	0.090557	0.024160	12429.121094
10945.678609	0.090549	0.024160	12512.969727
10946.707958	1.510400	0.017247	728.012939
10946.708841	1.901927	0.017247	2407.415039
10946.709800	1.852079	0.017247	4183.558594
10946.710866	1.782902	0.017247	6084.131836
10946.711803	1.724139	0.017247	7699.650391
10946.712671	1.672042	0.017247	9150.982422
10946.713750	1.612181	0.017247	10890.526367
10946.714759	0.660253	0.017247	11556.721680
10946.715649	0.090531	0.017247	11637.293945
10946.716625	0.090590	0.017247	11725.708984
10946.717670	0.090535	0.017247	11820.317383
10946.718576	0.090571	0.017247	11902.375000
10946.719439	0.090571	0.017247	11980.538086
10946.720510	0.090604	0.017247	12077.575195
10946.721494	0.090634	0.017247	12166.758789
10946.722368	0.090615	0.017247	12245.956055
10946.723360	0.090630	0.017247	12335.861328
10946.724411	0.090623	0.017247	12431.105469
10947.753407	1.449814	0.020075	617.620972
10947.754443	1.898383	0.020075	2584.345215
10947.755350	1.849984	0.020075	4262.280762
10947.756239	1.791621	0.020075	5855.031738
10947.757169	1.732507	0.020075	7466.263672
10947.758167	1.673705	0.020075	9136.621094
10947.759078	1.621564	0.020075	10613.865234
10947.759964	1.160713	0.020075	11642.256836
10947.760998	0.095530	0.020075	11741.034180
10947.761907	0.090359	0.020075	11823.169922
10947.762775	0.090553	0.020075	11901.769531
10947.763818	0.090703	0.020075	11996.373047
10947.764791	0.090502	0.020075	12084.431641
10947.765663	0.090527	0.020075	12163.371094
10947.766518	0.090498	0.020075	12240.747070
10947.767620	0.090604	0.020075	12340.592773
10947.768507	0.090513	0.020075	12420.877930
10947.769371	0.090520	0.020075	12499.086914
10948.797917	1.503816	0.024208	676.717163
10948.798801	1.902502	0.024208	2358.529297
10948.799788	1.851368	0.024208	4185.830078
10948.800838	1.783985	0.024208	6059.014648
10948.801745	1.726670	0.024208	7625.104492
10948.802613	1.673368	0.024208	9077.587891
10948.803718	1.612712	0.024208	10859.634766
10948.804701	0.751685	0.024208	11598.541016
10948.805564	0.091029	0.024208	11677.098633
10948.806666	0.090623	0.024208	11776.964844
10948.807681	0.090557	0.024208	11868.879883
10948.808568	0.090483	0.024208	11949.138672
10948.809485	0.090645	0.024208	12032.259766
10948.810546	0.090630	0.024208	12128.417969
10948.811482	0.090542	0.024208	12213.165039
10948.812343	0.090538	0.024208	12291.118164
10948.813379	0.090718	0.024208	12385.101562
10948.814401	0.090520	0.024208	12477.613281
10949.847556	1.517695	0.021614	749.741455
10949.848439	1.901528	0.021614	2428.791016
10949.849304	1.856495	0.021614	4034.659424
10949.850344	1.789552	0.021614	5895.793457
10949.851314	1.729087	0.021614	7573.007812
10949.852187	1.676788	0.021614	9036.843750
10949.853210	1.618791	0.021614	10692.867187
10949.854246	0.835693	0.021614	11558.645508
10949.855136	0.091556	0.021614	11640.130859
10949.856059	0.090513	0.021614	11723.673828
10949.857125	0.090568	0.021614	11820.218750
10949.858067	0.090480	0.021614	11905.450195
10949.858925	0.090535	0.021614	11983.128906
10949.859945	0.090674	0.021614	12075.616211
10949.860976	0.090494	0.021614	12168.916016
10949.861868	0.090542	0.021614	12249.679687
10949.862805	0.090604	0.021614	12334.576172
10949.863859	0.090546	0.021614	12430.011719
10950.885824	1.442219	0.023366	612.943176
10950.886717	1.900327	0.023366	2309.935303
10950.887739	1.849911	0.023366	4200.543945
10950.888650	1.791321	0.023366	5832.437500
10950.889520	1.733899	0.023366	7340.929687
10950.890627	1.671324	0.023366	9191.085937
10950.891537	1.619220	0.023366	10664.576172
10950.892420	1.113083	0.023366	11647.428711
10950.893426	0.097474	0.023366	11745.488281
10950.894420	0.090458	0.023366	11835.403320
10950.895310	0.090568	0.023366	11916.008789
10950.896173	0.090509	0.023366	11994.118164
10950.897256	0.090579	0.023366	12092.214844
10950.898151	0.090491	0.023366	12173.204102
10950.899018	0.090469	0.023366	12251.640625
10950.900011	0.090601	0.023366	12341.607422
10950.901011	0.090494	0.023366	12432.101562
10950.901878	0.090509	0.023366	12510.573242
10951.940630	1.530784	0.020752	774.576599
10951.941513	1.900902	0.020752	2453.072998
10951.942384	1.855199	0.020752	4068.951172
10951.943423	1.788102	0.020752	5926.789062
10951.944397	1.727047	0.020752	7608.933105
10951.945273	1.674836	0.020752	9076.089844
10951.946146	1.623333	0.020752	10493.258789
10951.947249	0.926631	0.020752	11515.333008
10951.948136	0.092732	0.020752	11597.585937
10951.948998	0.090374	0.020752	11675.488281
10951.950082	0.090670	0.020752	11773.774414
10951.951054	0.090483	0.020752	11861.724609
10951.951911	0.090648	0.020752	11939.410156
10951.952984	0.090615	0.020752	12036.640625
10951.954023	0.090560	0.020752	12130.732422
10951.954907	0.090531	0.020752	12210.761719
10951.955814	0.090608	0.020752	12292.943359
10951.956891	0.090707	0.020752	12390.634766
10952.975905	1.499667	0.019700	785.825317
10952.976961	1.893153	0.019700	2784.994873
10952.977882	1.840609	0.019700	4480.195801
10952.978744	1.782708	0.019700	6016.889648
10952.979821	1.717683	0.019700	7866.834473
10952.980820	1.658643	0.019700	9523.818359
10952.981702	1.609292	0.019700	10943.213867
10952.982711	0.649504	0.019700	11598.563477
10952.983747	0.090469	0.019700	11692.289062
10952.984634	0.090487	0.019700	11772.550781
10952.985495	0.090542	0.019700	11850.507812
10952.986579	0.090623	0.019700	11948.742187
10952.987572	0.090516	0.019700	12038.625000
10952.988462	0.090575	0.019700	12119.236328
10952.989436	0.090630	0.019700	12207.509766
10952.990480	0.090542	0.019700	12302.035156
10952.991375	0.090509	0.019700	12383.041016
10952.992235	0.090557	0.019700	12460.919922
10954.032570	1.465496	0.023096	621.370117
10954.033674	1.895189	0.023096	2713.659180
10954.034575	1.845062	0.023096	4376.060547
10954.035445	1.785842	0.023096	5929.743164
10954.036530	1.720214	0.023096	7796.174805
10954.037513	1.662880	0.023096	9430.785156
10954.038384	1.613595	0.023096	10836.226562
10954.039433	0.680131	0.023096	11549.683594
10954.040478	0.090406	0.023096	11644.158203
10954.041366	0.090557	0.023096	11724.572266
10954.042287	0.090549	0.023096	11807.967773
10954.043355	0.090681	0.023096	11904.815430
10954.044301	0.090656	0.023096	11990.575195
10954.045163	0.090608	0.023096	12068.679687
10954.046201	0.090645	0.023096	12162.768555
10954.047209	0.090542	0.023096	12254.035156
10954.048095	0.090637	0.023096	12334.339844
10954.049025	0.090608	0.023096	12418.605469
10955.064769	1.447614	0.025284	615.235779
10955.065749	1.898416	0.025284	2475.683105
10955.066802	1.843766	0.025284	4417.168457
10955.067718	1.783641	0.025284	6050.983887
10955.068583	1.727860	0.025284	7545.583008
10955.069669	1.665655	0.025284	9354.484375
10955.070659	1.609420	0.025284	10947.810547
10955.071539	0.810557	0.025284	11661.100586
10955.072522	0.091648	0.025284	11751.190430
10955.073576	0.090535	0.025284	11846.614258
10955.074467	0.090465	0.025284	11927.218750
10955.075327	0.090641	0.025284	12005.169922
10955.076417	0.090619	0.025284	12103.944336
10955.077389	0.090472	0.025284	12191.883789
10955.078253	0.090582	0.025284	12270.146484
10955.079313	0.090568	0.025284	12366.148437
10955.080353	0.090597	0.025284	12460.369141
10955.081240	0.090579	0.025284	12540.711914
