time (s)	coil I (A)	last det (V)	int current (uC)
3679.024178	1.566376	0.956796	812.948975
3679.025136	1.885770	0.956796	2619.516846
3679.026008	1.837837	0.956796	4222.110352
3679.027046	1.771802	0.956796	6061.240234
3679.028085	1.709912	0.956796	7837.838867
3679.028979	1.658456	0.956796	9320.498047
3679.029921	1.608666	0.956796	10835.861328
3679.030989	0.599930	0.956796	11476.586914
3679.031927	0.090289	0.956796	11561.278320
3679.032791	0.090516	0.956796	11639.484375
3679.033865	0.090608	0.956796	11736.796875
3679.034870	0.090494	0.956796	11827.744141
3679.035761	0.090516	0.956796	11908.394531
3679.036719	0.090579	0.956796	11995.168945
3679.037766	0.090575	0.956796	12090.000977
3679.038697	0.090439	0.956796	12174.200195
3679.039559	0.090560	0.956796	12252.262695
3679.040633	0.090549	0.956796	12349.512695
3680.078553	1.475603	0.905705	647.789734
3680.079430	1.890154	0.905705	2305.454590
3680.080411	1.842719	0.905705	4113.161621
3680.081430	1.777258	0.905705	5924.187988
3680.082313	1.723561	0.905705	7446.091797
3680.083174	1.672632	0.905705	8886.227539
3680.084246	1.614540	0.905705	10617.014648
3680.085177	1.017004	0.905705	11563.845703
3680.086050	0.095087	0.905705	11646.856445
3680.087017	0.090428	0.905705	11734.300781
3680.088047	0.090546	0.905705	11827.562500
3680.088942	0.090502	0.905705	11908.561523
3680.089805	0.090425	0.905705	11986.597656
3680.090873	0.090637	0.905705	12083.398437
3680.091819	0.090450	0.905705	12168.964844
3680.092680	0.090513	0.905705	12246.896484
3680.093731	0.090590	0.905705	12342.106445
3680.094735	0.090553	0.905705	12433.021484
3681.111296	1.528455	0.928437	738.243530
3681.112180	1.889359	0.928437	2408.437012
3681.113149	1.840239	0.928437	4191.628906
3681.114203	1.772673	0.928437	6060.026367
3681.115125	1.716757	0.928437	7642.875977
3681.115987	1.665655	0.928437	9078.670898
3681.117056	1.608098	0.928437	10797.727539
3681.118054	0.732356	0.928437	11528.619141
3681.118924	0.090875	0.928437	11607.680664
3681.119907	0.090557	0.928437	11696.698242
3681.120967	0.090516	0.928437	11792.645508
3681.121868	0.090538	0.928437	11874.220703
3681.122734	0.090443	0.928437	11952.544922
3681.123807	0.090601	0.928437	12049.759766
3681.124795	0.090542	0.928437	12139.214844
3681.125694	0.090425	0.928437	12220.506836
3681.126670	0.090634	0.928437	12308.964844
3681.127713	0.090564	0.928437	12403.422852
3682.172853	1.436865	0.924493	604.920227
3682.173899	1.885342	0.924493	2576.987793
3682.174858	1.833937	0.924493	4335.732910
3682.175743	1.777635	0.924493	5908.940430
3682.176675	1.721287	0.924493	7513.179687
3682.177739	1.660660	0.924493	9280.122070
3682.178639	1.610266	0.924493	10729.361328
3682.179514	1.007878	0.924493	11611.254883
3682.180560	0.091970	0.924493	11707.456055
3682.181527	0.090461	0.924493	11794.932617
3682.182388	0.090461	0.924493	11872.820312
3682.183421	0.090688	0.924493	11966.501953
3682.184456	0.090513	0.924493	12060.182617
3682.185338	0.090447	0.924493	12139.957031
3682.186269	0.090483	0.924493	12224.197266
3682.187316	0.090590	0.924493	12319.044922
3682.188257	0.090421	0.924493	12404.130859
3682.189118	0.090553	0.924493	12482.096680
3683.201480	1.456556	0.980721	633.602051
3683.202355	1.890674	0.980721	2287.941650
3683.203223	1.849581	0.980721	3893.378418
3683.204284	1.783400	0.980721	5785.565430
3683.205177	1.728219	0.980721	7328.865234
3683.206044	1.677371	0.980721	8783.145508
3683.207079	1.619747	0.980721	10459.583984
3683.208047	1.138462	0.980721	11561.615234
3683.208925	0.100851	0.980721	11650.162109
3683.209808	0.090403	0.980721	11729.988281
3683.210899	0.090502	0.980721	11828.725586
3683.211775	0.090538	0.980721	11908.037109
3683.212639	0.090494	0.980721	11986.224609
3683.213678	0.090542	0.980721	12080.297852
3683.214653	0.090414	0.980721	12168.451172
3683.215527	0.090465	0.980721	12247.517578
3683.216385	0.090590	0.980721	12325.243164
3683.217505	0.090465	0.980721	12426.564453
3684.265162	1.466653	0.890406	636.527283
3684.266128	1.887323	0.890406	2459.681396
3684.267177	1.832805	0.890406	4382.293945
3684.268105	1.773677	0.890406	6028.266113
3684.268968	1.720375	0.890406	7512.949219
3684.270036	1.660093	0.890406	9285.927734
3684.271060	1.603162	0.890406	10927.565430
3684.271951	0.766366	0.890406	11610.397461
3684.272936	0.091344	0.890406	11700.371094
3684.273980	0.090491	0.890406	11794.843750
3684.274888	0.090439	0.890406	11876.962891
3684.275744	0.090483	0.890406	11954.416992
3684.276803	0.090557	0.890406	12050.316406
3684.277797	0.090396	0.890406	12140.169922
3684.278684	0.090447	0.890406	12220.396484
3684.279670	0.090450	0.890406	12309.581055
3684.280713	0.090513	0.890406	12403.985352
3684.281617	0.090494	0.890406	12485.791992
3685.291210	1.450367	0.939217	635.260925
3685.292079	1.889711	0.939217	2277.419434
3685.293143	1.836943	0.939217	4231.927246
3685.294175	1.771428	0.939217	6060.041016
3685.295075	1.716702	0.939217	7605.072266
3685.296034	1.662675	0.939217	9199.577148
3685.297097	1.603766	0.939217	10904.379883
3685.298036	0.693695	0.939217	11555.759766
3685.298899	0.090758	0.939217	11634.083984
3685.299984	0.090582	0.939217	11732.366211
3685.300972	0.090344	0.939217	11821.625977
3685.301853	0.090443	0.939217	11901.306641
3685.302849	0.090579	0.939217	11991.522461
3685.303890	0.090472	0.939217	12085.704102
3685.304793	0.090538	0.939217	12167.459961
3685.305652	0.090535	0.939217	12245.229492
3685.306732	0.090615	0.939217	12343.093750
3685.307727	0.090494	0.939217	12433.135742
3686.358465	1.447540	0.890974	616.652161
3686.359462	1.885613	0.890974	2496.608154
3686.360512	1.830604	0.890974	4418.742676
3686.361420	1.772725	0.890974	6028.376465
3686.362290	1.717434	0.890974	7522.543945
3686.363417	1.655493	0.890974	9388.285156
3686.364391	1.602224	0.890974	10948.851562
3686.365273	0.749711	0.890974	11610.096680
3686.366295	0.090732	0.890974	11702.825195
3686.367336	0.090524	0.890974	11797.060547
3686.368227	0.090520	0.890974	11877.713867
3686.369135	0.090535	0.890974	11959.918945
3686.370204	0.090542	0.890974	12056.708008
3686.371161	0.090436	0.890974	12143.254883
3686.372024	0.090524	0.890974	12221.376953
3686.373060	0.090597	0.890974	12315.235352
3686.374088	0.090410	0.890974	12408.176758
3686.374971	0.090469	0.890974	12488.060547
3687.381946	1.440879	0.973925	605.169128
3687.382993	1.884987	0.973925	2578.750000
3687.384012	1.829180	0.973925	4442.684082
3687.384913	1.771919	0.973925	6039.183105
3687.385884	1.714471	0.973925	7703.935059
3687.386934	1.654241	0.973925	9440.887695
3687.387860	1.602905	0.973925	10925.177734
3687.388733	0.780128	0.973925	11606.229492
3687.389811	0.090575	0.973925	11703.869141
3687.390802	0.090403	0.973925	11793.458008
3687.391686	0.090436	0.973925	11873.403320
3687.392679	0.090549	0.973925	11963.318359
3687.393723	0.090601	0.973925	12057.905273
3687.394625	0.090439	0.973925	12139.481445
3687.395481	0.090582	0.973925	12217.019531
3687.396561	0.090608	0.973925	12314.875977
3687.397548	0.090454	0.973925	12404.154297
3687.398420	0.090406	0.973925	12482.988281
3688.449566	1.488160	0.889387	781.284241
3688.450592	1.882442	0.889387	2712.669189
3688.451475	1.832432	0.889387	4330.706055
3688.452336	1.776291	0.889387	5860.092773
3688.453407	1.712981	0.889387	7694.695312
3688.454332	1.659250	0.889387	9229.501953
3688.455216	1.611573	0.889387	10654.132812
3688.456199	0.875178	0.889387	11514.432617
3688.457227	0.090615	0.889387	11607.584961
3688.458119	0.090458	0.889387	11688.273437
3688.458979	0.090425	0.889387	11766.039062
3688.460048	0.090582	0.889387	11862.871094
3688.460993	0.090472	0.889387	11948.367187
3688.461859	0.090520	0.889387	12026.757812
3688.462927	0.090626	0.889387	12123.546875
3688.463935	0.090498	0.889387	12214.768555
3688.464829	0.090487	0.889387	12295.664062
3688.465791	0.090465	0.889387	12382.691406
3689.472787	1.524349	0.964257	763.699036
3689.473793	1.883335	0.964257	2658.333984
3689.474692	1.833387	0.964257	4306.549316
3689.475660	1.772435	0.964257	6022.266602
3689.476712	1.708784	0.964257	7819.907715
3689.477652	1.655361	0.964257	9375.947266
3689.478518	1.606952	0.964257	10767.567383
3689.479599	0.633563	0.964257	11452.449219
3689.480591	0.090363	0.964257	11542.088867
3689.481482	0.090494	0.964257	11622.719727
3689.482477	0.090557	0.964257	11712.823242
3689.483526	0.090564	0.964257	11807.825195
3689.484427	0.090487	0.964257	11889.354492
3689.485288	0.090505	0.964257	11967.279297
3689.486375	0.090626	0.964257	12065.790039
3689.487339	0.090516	0.964257	12153.047852
3689.488214	0.090549	0.964257	12232.278320
3689.489232	0.090593	0.964257	12324.501953
3690.541511	1.455828	0.853329	627.461670
3690.542549	1.884642	0.853329	2583.720215
3690.543583	1.828579	0.853329	4474.470703
3690.544481	1.770718	0.853329	6064.575195
3690.545411	1.715054	0.853329	7659.575195
3690.546476	1.654438	0.853329	9421.551758
3690.547415	1.603121	0.853329	10926.882812
3690.548281	0.798142	0.853329	11618.074219
3690.549346	0.090582	0.853329	11714.543945
3690.550359	0.090531	0.853329	11806.251953
3690.551236	0.090491	0.853329	11885.612305
3690.552180	0.090549	0.853329	11971.090820
3690.553251	0.090597	0.853329	12068.120117
3690.554163	0.090564	0.853329	12150.714844
3690.555027	0.090513	0.853329	12228.917969
3690.556064	0.090593	0.853329	12322.863281
3690.557077	0.090461	0.853329	12414.500977
3690.557970	0.090450	0.853329	12495.273437
3691.563990	1.471893	0.961417	653.520630
3691.564866	1.889224	0.961417	2308.480469
3691.565821	1.842477	0.961417	4068.045898
3691.566861	1.775577	0.961417	5914.646484
3691.567761	1.720862	0.961417	7463.421875
3691.568632	1.670251	0.961417	8918.210937
3691.569675	1.613467	0.961417	10601.056641
3691.570626	1.000096	0.961417	11552.148437
3691.571501	0.094274	0.961417	11634.637695
3691.572428	0.090476	0.961417	11718.508789
3691.573477	0.090465	0.961417	11813.406250
3691.574367	0.090472	0.961417	11893.926758
3691.575230	0.090568	0.961417	11972.086914
3691.576283	0.090535	0.961417	12067.419922
3691.577232	0.090483	0.961417	12153.289062
3691.578091	0.090524	0.961417	12231.048828
3691.579137	0.090619	0.961417	12325.835937
3691.580171	0.090557	0.961417	12419.471680
3692.632640	1.564915	0.889036	873.222351
3692.633643	1.881760	0.889036	2760.627930
3692.634542	1.830527	0.889036	4406.271973
3692.635412	1.772783	0.889036	5948.593262
3692.636516	1.709381	0.889036	7835.750000
3692.637426	1.657218	0.889036	9343.818359
3692.638295	1.607688	0.889036	10740.899414
3692.639402	0.637544	0.889036	11446.660156
3692.640359	0.090260	0.889036	11533.039062
3692.641230	0.090538	0.889036	11611.898437
3692.642238	0.090520	0.889036	11703.142578
3692.643297	0.090483	0.889036	11798.964844
3692.644181	0.090535	0.889036	11878.997070
3692.645057	0.090535	0.889036	11958.305664
3692.646139	0.090549	0.889036	12056.280273
3692.647082	0.090439	0.889036	12141.564453
3692.647947	0.090450	0.889036	12219.803711
3692.648981	0.090472	0.889036	12313.352539
3693.656579	1.512535	0.956651	745.679932
3693.657461	1.888403	0.956651	2411.251465
3693.658383	1.840591	0.956651	4108.276367
3693.659465	1.771904	0.956651	6025.477051
3693.660421	1.714603	0.956651	7664.637695
3693.661289	1.664498	0.956651	9109.421875
3693.662338	1.607073	0.956651	10795.241211
3693.663362	0.673253	0.956651	11484.652344
3693.664253	0.090608	0.956651	11565.383789
3693.665132	0.090472	0.956651	11644.909180
3693.666113	0.090549	0.956651	11733.738281
3693.667087	0.090498	0.956651	11821.883789
3693.668015	0.090480	0.956651	11905.848633
3693.668880	0.090443	0.956651	11984.082031
3693.669914	0.090535	0.956651	12077.695312
3693.670786	0.090465	0.956651	12156.581055
3693.671663	0.090527	0.956651	12235.973633
3693.672565	0.090520	0.956651	12317.623047
3694.723304	1.496085	0.871690	704.656128
3694.724193	1.888777	0.871690	2383.778809
3694.725074	1.845220	0.871690	4009.417480
3694.726057	1.783367	0.871690	5762.466797
3694.727023	1.723473	0.871690	7427.341797
3694.727908	1.671892	0.871690	8906.966797
3694.728858	1.619810	0.871690	10445.786133
3694.729915	1.025332	0.871690	11529.562500
3694.730794	0.095281	0.871690	11613.314453
3694.731654	0.090502	0.871690	11691.145508
3694.732701	0.090560	0.871690	11785.961914
3694.733645	0.090465	0.871690	11871.361328
3694.734520	0.090469	0.871690	11950.521484
3694.735442	0.090571	0.871690	12034.028320
3694.736490	0.090546	0.871690	12128.919922
3694.737376	0.090469	0.871690	12209.075195
3694.738238	0.090491	0.871690	12287.078125
3694.739281	0.090667	0.871690	12381.643555
3695.748800	1.444263	0.927519	612.367432
3695.749838	1.885778	0.927519	2569.804687
3695.750726	1.837859	0.927519	4201.823242
3695.751604	1.781924	0.927519	5766.352539
3695.752597	1.722828	0.927519	7477.121094
3695.753526	1.667329	0.927519	9026.070312
3695.754453	1.616796	0.927519	10524.839844
3695.755339	1.178203	0.927519	11568.727539
3695.756385	0.094493	0.927519	11667.567383
3695.757296	0.090399	0.927519	11749.920898
3695.758178	0.090535	0.927519	11829.772461
3695.759114	0.090597	0.927519	11914.571289
3695.760108	0.090388	0.927519	12004.416992
3695.760991	0.090428	0.927519	12084.265625
3695.761854	0.090582	0.927519	12162.438477
3695.762957	0.090494	0.927519	12262.253906
3695.763842	0.090509	0.927519	12342.354492
3695.764701	0.090476	0.927519	12420.073242
3696.814023	1.458629	0.856173	622.834656
3696.814999	1.885668	0.856173	2463.246338
3696.816052	1.830941	0.856173	4391.227539
3696.816971	1.771509	0.856173	6019.244141
3696.817897	1.716317	0.856173	7608.553711
3696.818761	1.664828	0.856173	9046.964844
3696.819810	1.609731	0.856173	10735.573242
3696.820696	0.961630	0.856173	11587.577148
3696.821564	0.093761	0.856173	11668.961914
3696.822544	0.090487	0.856173	11757.639648
3696.823478	0.090476	0.856173	11842.144531
3696.824387	0.090571	0.856173	11924.473633
3696.825261	0.090538	0.856173	12003.604492
3696.826307	0.090571	0.856173	12098.341797
3696.827200	0.090421	0.856173	12179.087891
3696.828080	0.090516	0.856173	12258.742187
3696.829008	0.090538	0.856173	12342.761719
3696.830001	0.090509	0.856173	12432.636719
3697.841952	1.541836	0.957606	795.587341
3697.842972	1.882288	0.957606	2715.520752
3697.843873	1.831439	0.957606	4365.647461
3697.844845	1.770630	0.957606	6086.699707
3697.845893	1.706990	0.957606	7875.625000
3697.846812	1.654548	0.957606	9396.155273
3697.847680	1.605765	0.957606	10789.959961
3697.848786	0.585670	0.957606	11437.710937
3697.849778	0.090344	0.957606	11527.332031
3697.850655	0.090538	0.957606	11606.734375
3697.851653	0.090615	0.957606	11697.167969
3697.852693	0.090557	0.957606	11791.346680
3697.853586	0.090443	0.957606	11872.112305
3697.854442	0.090531	0.957606	11949.606445
3697.855506	0.090586	0.957606	12045.990234
3697.856498	0.090454	0.957606	12135.720703
3697.857390	0.090524	0.957606	12216.467773
3697.858374	0.090593	0.957606	12305.611328
3698.902029	1.516637	0.892307	767.418335
3698.903020	1.883551	0.892307	2634.017334
3698.903923	1.834248	0.892307	4290.343262
3698.904918	1.771194	0.892307	6052.681152
3698.905998	1.707151	0.892307	7896.404297
3698.906892	1.655182	0.892307	9376.136719
3698.907781	1.605088	0.892307	10803.059570
3698.908874	0.587919	0.892307	11445.654297
3698.909835	0.090385	0.892307	11532.513672
3698.910696	0.090458	0.892307	11610.397461
3698.911732	0.090608	0.892307	11704.267578
3698.912767	0.090535	0.892307	11797.970703
3698.913647	0.090414	0.892307	11877.535156
3698.914580	0.090494	0.892307	11961.966797
3698.915632	0.090637	0.892307	12057.317383
3698.916574	0.090494	0.892307	12142.563477
3698.917431	0.090509	0.892307	12220.129883
3698.918453	0.090721	0.892307	12312.847656
3699.934778	1.543092	0.927346	850.243774
3699.935834	1.879816	0.927346	2835.329102
3699.936736	1.826990	0.927346	4483.273926
3699.937598	1.769908	0.927346	6008.935059
3699.938691	1.706671	0.927346	7874.326660
3699.939660	1.652098	0.927346	9475.209961
3699.940525	1.604484	0.927346	10863.087891
3699.941618	0.547357	0.927346	11461.349609
3699.942656	0.090421	0.927346	11555.207031
3699.943537	0.090597	0.927346	11635.022461
3699.944465	0.090630	0.927346	11719.126953
3699.945537	0.090546	0.927346	11816.191406
3699.946481	0.090560	0.927346	11901.680664
3699.947339	0.090516	0.927346	11979.343750
3699.948368	0.090659	0.927346	12072.631836
3699.949396	0.090509	0.927346	12165.674805
3699.950289	0.090513	0.927346	12246.502930
3699.951241	0.090648	0.927346	12332.799805
3700.990646	1.437869	0.917440	603.904785
3700.991719	1.883503	0.917440	2624.903809
3700.992734	1.826993	0.917440	4479.301758
3700.993633	1.770157	0.917440	6070.673340
3700.994629	1.710930	0.917440	7774.759766
3700.995668	1.651849	0.917440	9491.031250
3700.996579	1.601462	0.917440	10949.963867
3700.997448	0.748956	0.917440	11600.806641
3700.998548	0.090502	0.917440	11700.358398
3700.999512	0.090421	0.917440	11787.524414
3701.000386	0.090480	0.917440	11866.603516
3701.001407	0.090634	0.917440	11959.140625
3701.002456	0.090509	0.917440	12054.084961
3701.003339	0.090513	0.917440	12134.007812
3701.004209	0.090549	0.917440	12212.786133
3701.005300	0.090601	0.917440	12311.631836
3701.006266	0.090414	0.917440	12398.971680
3701.007131	0.090509	0.917440	12477.261719
3702.030008	1.431903	0.922008	601.399292
3702.030964	1.885693	0.922008	2404.122070
3702.032031	1.831066	0.922008	4357.869141
3702.032972	1.771311	0.922008	6024.672852
3702.033850	1.717687	0.922008	7532.801758
3702.034888	1.658968	0.922008	9254.810547
3702.035919	1.602561	0.922008	10907.050781
3702.036822	0.746239	0.922008	11580.904297
3702.037790	0.091249	0.922008	11669.233398
3702.038847	0.090520	0.922008	11764.913086
3702.039764	0.090476	0.922008	11847.879883
3702.040626	0.090575	0.922008	11925.955078
3702.041725	0.090601	0.922008	12025.525391
3702.042713	0.090538	0.922008	12114.977539
3702.043611	0.090491	0.922008	12196.238281
3702.044603	0.090575	0.922008	12286.088867
3702.045663	0.090608	0.922008	12382.132812
3702.046554	0.090472	0.922008	12462.744141
3703.078184	1.534365	0.902890	796.335510
3703.079211	1.881742	0.902890	2728.884521
3703.080092	1.831981	0.902890	4342.860352
3703.081085	1.770223	0.902890	6100.692383
3703.082138	1.706675	0.902890	7897.820801
3703.083052	1.654424	0.902890	9409.963867
3703.083915	1.604967	0.902890	10795.050781
3703.085009	0.582828	0.902890	11432.665039
3703.085978	0.090300	0.902890	11520.166016
3703.086862	0.090498	0.902890	11600.166016
3703.087869	0.090623	0.902890	11691.422852
3703.088916	0.090546	0.902890	11786.224609
3703.089806	0.090546	0.902890	11866.810547
3703.090691	0.090549	0.902890	11946.946289
3703.091782	0.090582	0.902890	12045.771484
3703.092748	0.090516	0.902890	12133.209961
3703.093613	0.090502	0.902890	12211.494141
3703.094651	0.090579	0.902890	12305.514648
3704.122567	1.450902	0.897854	634.044189
3704.123444	1.889088	0.897854	2290.774414
3704.124469	1.838467	0.897854	4175.202637
3704.125516	1.772505	0.897854	6031.015137
3704.126412	1.717321	0.897854	7569.734375
3704.127335	1.664531	0.897854	9106.096680
3704.128409	1.606128	0.897854	10831.078125
3704.129359	0.763213	0.897854	11556.130859
3704.130222	0.091216	0.897854	11634.850586
3704.131263	0.090553	0.897854	11729.116211
3704.132271	0.090476	0.897854	11820.316406
3704.133153	0.090498	0.897854	11900.135742
3704.134105	0.090571	0.897854	11986.359375
3704.135168	0.090494	0.897854	12082.554687
3704.136094	0.090469	0.897854	12166.329102
3704.136959	0.090491	0.897854	12244.603516
3704.138006	0.090575	0.897854	12339.435547
3704.139028	0.090491	0.897854	12431.916992
3705.170114	1.447408	0.896231	622.385620
3705.171176	1.883573	0.896231	2622.740234
3705.172199	1.827319	0.896231	4492.087891
3705.173080	1.770897	0.896231	6052.248535
3705.174053	1.713505	0.896231	7719.488281
3705.175106	1.653486	0.896231	9460.609375
3705.176035	1.602894	0.896231	10949.698242
3705.176902	0.767333	0.896231	11614.975586
3705.177948	0.090513	0.896231	11709.652344
3705.178959	0.090564	0.896231	11801.212891
3705.179850	0.090461	0.896231	11881.814453
3705.180812	0.090524	0.896231	11968.898437
3705.181869	0.090549	0.896231	12064.609375
3705.182790	0.090487	0.896231	12147.948242
3705.183652	0.090524	0.896231	12225.979492
3705.184745	0.090608	0.896231	12325.013672
3705.185733	0.090491	0.896231	12414.418945
3705.186632	0.090483	0.896231	12495.763672
3706.214325	1.437286	0.899034	605.097534
3706.215381	1.884653	0.899034	2595.291504
3706.216277	1.836032	0.899034	4240.375977
3706.217158	1.779814	0.899034	5808.392578
3706.218102	1.722942	0.899034	7434.849609
3706.219092	1.666707	0.899034	9084.888672
3706.219969	1.617671	0.899034	10503.585937
3706.220868	1.081567	0.899034	11475.915039
3706.221980	0.093062	0.899034	11579.399414
3706.222864	0.090374	0.899034	11659.290039
3706.223728	0.090469	0.899034	11737.455078
3706.224750	0.090619	0.899034	11830.067383
3706.225718	0.090432	0.899034	11917.605469
3706.226594	0.090469	0.899034	11996.856445
3706.227465	0.090527	0.899034	12075.706055
3706.228575	0.090502	0.899034	12176.163086
3706.229485	0.090513	0.899034	12258.529297
3706.230346	0.090465	0.899034	12336.419922
3707.261465	1.527902	0.910245	788.397217
3707.262407	1.885525	0.910245	2564.561523
3707.263273	1.838372	0.910245	4156.591309
3707.264348	1.770916	0.910245	6060.325195
3707.265369	1.709971	0.910245	7806.205078
3707.266262	1.659108	0.910245	9287.788086
3707.267241	1.606512	0.910245	10860.563477
3707.268301	0.589006	0.910245	11484.910156
3707.269211	0.090293	0.910245	11567.077148
3707.270069	0.090450	0.910245	11644.683594
3707.271146	0.090502	0.910245	11742.154297
3707.272141	0.090414	0.910245	11832.116211
3707.273017	0.090385	0.910245	11911.292969
3707.274005	0.090549	0.910245	12000.755859
3707.275045	0.090509	0.910245	12094.884766
3707.275939	0.090443	0.910245	12175.741211
3707.276801	0.090531	0.910245	12253.779297
3707.277879	0.090520	0.910245	12351.360352
3708.304055	1.434500	0.897846	603.924316
3708.305099	1.885305	0.897846	2572.182617
3708.305982	1.838185	0.897846	4195.299805
3708.306863	1.781862	0.897846	5765.120117
3708.307772	1.725179	0.897846	7333.308105
3708.308774	1.667820	0.897846	9004.463867
3708.309691	1.617715	0.897846	10487.908203
3708.310588	1.204969	0.897846	11568.765625
3708.311587	0.104216	0.897846	11672.877930
3708.312517	0.090322	0.897846	11756.877930
3708.313446	0.090381	0.897846	11840.841797
3708.314311	0.090425	0.897846	11919.059570
3708.315357	0.090370	0.897846	12013.586914
3708.316247	0.090513	0.897846	12094.143555
3708.317123	0.090370	0.897846	12173.307617
3708.318134	0.090505	0.897846	12264.808594
3708.319062	0.090454	0.897846	12348.750000
3708.319933	0.090388	0.897846	12427.478516
3709.356221	1.444991	0.917428	614.121338
3709.357085	1.888118	0.917428	2245.455078
3709.358201	1.834984	0.917428	4293.297363
3709.359113	1.776174	0.917428	5913.168457
3709.359982	1.721320	0.917428	7408.995117
3709.361087	1.660752	0.917428	9244.125977
3709.362057	1.608289	0.917428	10804.166016
3709.362926	0.926210	0.917428	11609.041992
3709.364007	0.091183	0.917428	11707.610352
3709.365034	0.090498	0.917428	11800.551758
3709.365912	0.090494	0.917428	11880.005859
3709.366843	0.090535	0.917428	11964.293945
3709.367910	0.090648	0.917428	12061.015625
3709.368842	0.090535	0.917428	12145.393555
3709.369701	0.090509	0.917428	12223.140625
3709.370741	0.090645	0.917428	12317.411133
3709.371775	0.090472	0.917428	12410.959961
3709.372657	0.090502	0.917428	12490.782227
3710.391358	1.567727	0.916529	870.088440
3710.392277	1.884719	0.916529	2602.145508
3710.393204	1.834438	0.916529	4302.669922
3710.394075	1.776943	0.916529	5850.387695
3710.395126	1.715724	0.916529	7653.613281
3710.396017	1.664707	0.916529	9136.867187
3710.396895	1.616770	0.916529	10556.391602
3710.397894	0.973671	0.916529	11529.088867
3710.398845	0.092827	0.916529	11617.367187
3710.399735	0.090465	0.916529	11697.880859
3710.400713	0.090571	0.916529	11786.459961
3710.401733	0.090458	0.916529	11878.726562
3710.402614	0.090494	0.916529	11958.452148
3710.403469	0.090520	0.916529	12035.846680
3710.404520	0.090513	0.916529	12130.975586
3710.405458	0.090359	0.916529	12215.732422
3710.406340	0.090491	0.916529	12295.544922
3710.407295	0.090502	0.916529	12381.973633
3711.451859	1.456619	0.878554	646.738708
3711.452725	1.889330	0.878554	2282.898193
3711.453761	1.838353	0.878554	4187.432129
3711.454813	1.772029	0.878554	6051.606445
3711.455704	1.717668	0.878554	7582.048828
3711.456631	1.664564	0.878554	9125.099609
3711.457702	1.606948	0.878554	10846.141602
3711.458653	0.750337	0.878554	11559.711914
3711.459512	0.091066	0.878554	11637.937500
3711.460529	0.090586	0.878554	11730.063477
3711.461555	0.090557	0.878554	11822.974609
3711.462448	0.090535	0.878554	11903.822266
3711.463384	0.090546	0.878554	11988.573242
3711.464433	0.090502	0.878554	12083.509766
3711.465363	0.090476	0.878554	12167.652344
3711.466227	0.090480	0.878554	12245.827148
3711.467278	0.090626	0.878554	12341.075195
3711.468285	0.090480	0.878554	12432.188477
3712.478699	1.487523	0.925025	694.673340
3712.479588	1.888407	0.925025	2373.467041
3712.480456	1.844132	0.925025	3974.173828
3712.481512	1.778866	0.925025	5852.656250
3712.482392	1.724949	0.925025	7370.611328
3712.483267	1.674705	0.925025	8835.977539
3712.484227	1.622091	0.925025	10393.184570
3712.485183	1.192031	0.925025	11532.766602
3712.486106	0.101829	0.925025	11626.754883
3712.486982	0.090527	0.925025	11706.056641
3712.487999	0.090491	0.925025	11798.085937
3712.488895	0.090374	0.925025	11879.060547
3712.489771	0.090531	0.925025	11958.365234
3712.490669	0.090586	0.925025	12039.710937
3712.491700	0.090483	0.925025	12132.999023
3712.492587	0.090498	0.925025	12213.270508
3712.493458	0.090502	0.925025	12292.097656
3712.494471	0.090505	0.925025	12383.779297
3713.546169	1.447720	0.845611	610.937744
3713.547265	1.882632	0.845611	2674.302246
3713.548254	1.826964	0.845611	4481.169922
3713.549138	1.771637	0.845611	6047.296875
3713.550132	1.712168	0.845611	7749.191895
3713.551201	1.652688	0.845611	9515.915039
3713.552096	1.603121	0.845611	10950.708984
3713.552990	0.734443	0.845611	11607.301758
3713.554091	0.090483	0.845611	11706.923828
3713.555053	0.090538	0.845611	11794.021484
3713.555919	0.090502	0.845611	11872.395508
3713.556960	0.090641	0.845611	11966.752930
3713.557997	0.090425	0.845611	12060.523437
3713.558893	0.090494	0.845611	12141.606445
3713.559830	0.090630	0.845611	12226.526367
3713.560883	0.090612	0.845611	12321.940430
3713.561815	0.090494	0.845611	12406.281250
3713.562677	0.090520	0.845611	12484.309570
3714.569150	1.437880	0.946887	608.223083
3714.570186	1.884704	0.946887	2560.776855
3714.571225	1.828649	0.946887	4460.742676
3714.572108	1.771633	0.946887	6025.094727
3714.573050	1.715046	0.946887	7640.668457
3714.574104	1.655046	0.946887	9385.086914
3714.575042	1.603806	0.946887	10889.457031
3714.575918	0.815303	0.946887	11603.662109
3714.576962	0.090740	0.946887	11698.394531
3714.577975	0.090538	0.946887	11790.109375
3714.578867	0.090469	0.946887	11870.807617
3714.579833	0.090626	0.946887	11958.352539
3714.580884	0.090531	0.946887	12053.500977
3714.581808	0.090527	0.946887	12137.148437
3714.582668	0.090494	0.946887	12214.973633
3714.583749	0.090590	0.946887	12312.901367
3714.584747	0.090476	0.946887	12403.196289
3714.585637	0.090487	0.946887	12483.729492
3715.637529	1.523807	0.838493	772.570374
3715.638431	1.886158	0.838493	2473.885254
3715.639310	1.840752	0.838493	4091.906250
3715.640319	1.777529	0.838493	5885.433105
3715.641327	1.715804	0.838493	7614.963867
3715.642207	1.665220	0.838493	9080.357422
3715.643074	1.615679	0.838493	10481.150391
3715.644172	0.869033	0.838493	11435.348633
3715.645081	0.091498	0.838493	11518.520508
3715.645961	0.090465	0.838493	11598.129883
3715.646946	0.090593	0.838493	11687.364258
3715.647936	0.090494	0.838493	11776.954102
3715.648825	0.090579	0.838493	11857.478516
3715.649792	0.090597	0.838493	11945.085937
3715.650842	0.090531	0.838493	12040.143555
3715.651765	0.090498	0.838493	12123.672852
3715.652624	0.090593	0.838493	12201.492187
3715.653727	0.090601	0.838493	12301.424805
3716.660510	1.534281	0.921867	797.826111
3716.661461	1.884965	0.921867	2590.427490
3716.662329	1.837277	0.921867	4185.183594
3716.663384	1.771139	0.921867	6053.735352
3716.664406	1.709799	0.921867	7801.149414
3716.665296	1.659221	0.921867	9277.856445
3716.666269	1.607355	0.921867	10841.812500
3716.667321	0.621160	0.921867	11495.272461
3716.668242	0.090410	0.921867	11578.540039
3716.669101	0.090487	0.921867	11656.268555
3716.670174	0.090604	0.921867	11753.487305
3716.671179	0.090494	0.921867	11844.434570
3716.672056	0.090472	0.921867	11923.779297
3716.673031	0.090582	0.921867	12012.096680
3716.674091	0.090498	0.921867	12108.024414
3716.674995	0.090524	0.921867	12189.857422
3716.675863	0.090560	0.921867	12268.463867
3716.676951	0.090586	0.921867	12367.021484
3717.726757	1.546110	0.825215	811.707520
3717.727763	1.882013	0.825215	2705.012695
3717.728658	1.832040	0.825215	4344.688477
3717.729644	1.770172	0.825215	6090.078125
3717.730696	1.707598	0.825215	7886.470703
3717.731604	1.655526	0.825215	9389.688477
3717.732472	1.606509	0.825215	10784.138672
3717.733578	0.589310	0.825215	11435.916016
3717.734555	0.090264	0.825215	11524.103516
3717.735416	0.090399	0.825215	11601.937500
3717.736506	0.090520	0.825215	11700.604492
3717.737538	0.090432	0.825215	11793.930664
3717.738420	0.090410	0.825215	11873.672852
3717.739346	0.090527	0.825215	11957.500977
3717.740398	0.090502	0.825215	12052.708984
3717.741345	0.090450	0.825215	12138.365234
3717.742204	0.090443	0.825215	12216.055664
3717.743256	0.090608	0.825215	12311.375000
3718.754278	1.502391	0.905496	695.607178
3718.755164	1.888085	0.905496	2368.450195
3718.756170	1.837698	0.905496	4217.173828
3718.757217	1.770608	0.905496	6071.000000
3718.758125	1.715347	0.905496	7628.534668
3718.758986	1.664788	0.905496	9061.916992
3718.760069	1.608387	0.905496	10803.800781
3718.761065	0.709849	0.905496	11510.810547
3718.761944	0.090784	0.905496	11590.609375
3718.762951	0.090568	0.905496	11681.810547
3718.763995	0.090505	0.905496	11776.297852
3718.764867	0.090542	0.905496	11855.250000
3718.765733	0.090549	0.905496	11933.666016
3718.766843	0.090524	0.905496	12034.147461
3718.767809	0.090450	0.905496	12121.522461
3718.768677	0.090509	0.905496	12200.083984
3718.769694	0.090579	0.905496	12292.202148
3718.770743	0.090513	0.905496	12387.150391
3719.815611	1.443135	0.859114	613.332275
3719.816474	1.887272	0.859114	2242.047852
3719.817542	1.836621	0.859114	4203.559082
3719.818436	1.779858	0.859114	5794.752441
3719.819321	1.726014	0.859114	7322.275391
3719.820321	1.669882	0.859114	8992.157227
3719.821256	1.617484	0.859114	10504.504883
3719.822136	1.215634	0.859114	11574.262695
3719.823134	0.108834	0.859114	11682.878906
3719.824148	0.090483	0.859114	11774.628906
3719.825033	0.090491	0.859114	11854.712891
3719.825888	0.090531	0.859114	11932.117187
3719.826953	0.090593	0.859114	12028.598633
3719.827867	0.090509	0.859114	12111.324219
3719.828749	0.090480	0.859114	12191.126953
3719.829717	0.090564	0.859114	12278.792969
3719.830742	0.090531	0.859114	12371.586914
3719.831635	0.090513	0.859114	12452.415039
3720.847822	1.460812	0.909202	644.217957
3720.848691	1.888879	0.909202	2285.654053
3720.849664	1.841631	0.909202	4077.561035
3720.850692	1.775625	0.909202	5902.903320
3720.851594	1.721320	0.909202	7455.533691
3720.852464	1.670563	0.909202	8908.923828
3720.853533	1.614441	0.909202	10634.761719
3720.854471	0.985280	0.909202	11558.954102
3720.855351	0.093860	0.909202	11641.550781
3720.856320	0.090502	0.909202	11729.247070
3720.857335	0.090509	0.909202	11821.113281
3720.858229	0.090505	0.909202	11902.025391
3720.859182	0.090608	0.909202	11988.375000
3720.860218	0.090586	0.909202	12082.221680
3720.861141	0.090421	0.909202	12165.680664
3720.862001	0.090509	0.909202	12243.518555
3720.863066	0.090568	0.909202	12339.972656
3720.864067	0.090505	0.909202	12430.568359
3721.904827	1.435078	0.864709	607.038025
3721.905810	1.884946	0.864709	2459.940186
3721.906866	1.830842	0.864709	4393.309570
3721.907782	1.771963	0.864709	6016.427734
3721.908646	1.717734	0.864709	7500.550293
3721.909742	1.657438	0.864709	9317.101562
3721.910735	1.604341	0.864709	10910.211914
3721.911630	0.757584	0.864709	11588.250000
3721.912619	0.091029	0.864709	11678.277344
3721.913654	0.090443	0.864709	11771.885742
3721.914552	0.090450	0.864709	11853.110352
3721.915416	0.090546	0.864709	11931.341797
3721.916514	0.090509	0.864709	12030.720703
3721.917484	0.090568	0.864709	12118.571289
3721.918353	0.090436	0.864709	12197.160156
3721.919407	0.090538	0.864709	12292.587891
3721.920442	0.090410	0.864709	12386.162109
3721.921336	0.090469	0.864709	12467.041016
3722.942215	1.470048	0.880689	737.963867
3722.943279	1.880292	0.880689	2738.594238
3722.944224	1.826704	0.880689	4464.829590
3722.945103	1.770026	0.880689	6020.682129
3722.946182	1.706323	0.880689	7861.804687
3722.947185	1.649908	0.880689	9516.663086
3722.948085	1.600957	0.880689	10957.524414
3722.949063	0.622482	0.880689	11566.311523
3722.950111	0.090333	0.880689	11660.980469
3722.951029	0.090502	0.880689	11744.061523
3722.951891	0.090480	0.880689	11822.054687
3722.952960	0.090593	0.880689	11918.898437
3722.953950	0.090465	0.880689	12008.458984
3722.954829	0.090469	0.880689	12087.981445
3722.955822	0.090634	0.880689	12177.980469
3722.956866	0.090509	0.880689	12272.471680
3722.957759	0.090450	0.880689	12353.244141
3722.958617	0.090509	0.880689	12430.901367
3723.994056	1.449122	0.872713	630.368225
3723.994932	1.888132	0.872713	2284.372070
3723.995997	1.835014	0.872713	4238.661621
3723.997018	1.770461	0.872713	6046.302734
3723.997903	1.716665	0.872713	7565.551270
3723.998784	1.666710	0.872713	9033.922852
3723.999773	1.614049	0.872713	10630.217773
3724.000737	0.944762	0.872713	11540.968750
3724.001667	0.092582	0.872713	11627.069336
3724.002529	0.090480	0.872713	11705.062500
3724.003563	0.090491	0.872713	11798.629883
3724.004437	0.090494	0.872713	11877.721680
3724.005311	0.090520	0.872713	11956.835937
3724.006228	0.090590	0.872713	12039.906250
3724.007224	0.090524	0.872713	12130.067383
3724.008146	0.090553	0.872713	12213.557617
3724.009031	0.090494	0.872713	12293.645508
3724.010036	0.090575	0.872713	12384.673828
3725.033930	1.452579	0.888859	639.134949
3725.034796	1.888499	0.888859	2274.574707
3725.035852	1.836010	0.888859	4213.400879
3725.036873	1.771293	0.888859	6021.890625
3725.037782	1.716123	0.888859	7581.846680
3725.038741	1.662678	0.888859	9176.355469
3725.039788	1.605275	0.888859	10857.078125
3725.040719	0.752688	0.888859	11557.831055
3725.041579	0.091212	0.888859	11636.273437
3725.042642	0.090619	0.888859	11732.601562
3725.043644	0.090465	0.888859	11823.248047
3725.044520	0.090417	0.888859	11902.454102
3725.045502	0.090615	0.888859	11991.438477
3725.046557	0.090491	0.888859	12086.906250
3725.047473	0.090538	0.888859	12169.839844
3725.048330	0.090502	0.888859	12247.399414
3725.049389	0.090634	0.888859	12343.379883
3725.050383	0.090531	0.888859	12433.368164
3726.085301	1.439129	0.859170	602.994873
3726.086400	1.882485	0.859170	2671.846191
3726.087314	1.831223	0.859170	4345.583984
3726.088191	1.775420	0.859170	5902.627441
3726.089168	1.716713	0.859170	7579.855469
3726.090191	1.657976	0.859170	9275.964844
3726.091085	1.609362	0.859170	10714.734375
3726.091961	0.983807	0.859170	11576.549805
3726.093056	0.091051	0.859170	11676.250977
3726.093982	0.090458	0.859170	11760.014648
3726.094859	0.090509	0.859170	11839.390625
3726.095826	0.090546	0.859170	11926.948242
3726.096837	0.090498	0.859170	12018.441406
3726.097728	0.090450	0.859170	12099.033203
3726.098681	0.090586	0.859170	12185.361328
3726.099729	0.090593	0.859170	12280.302734
3726.100641	0.090458	0.859170	12362.799805
3726.101500	0.090491	0.859170	12440.531250
3727.126044	1.483169	0.888436	775.697388
3727.127013	1.883591	0.888436	2600.897461
3727.127933	1.832952	0.888436	4287.212891
3727.128818	1.776313	0.888436	5859.250000
3727.129853	1.714819	0.888436	7634.087891
3727.130752	1.662620	0.888436	9128.783203
3727.131629	1.614811	0.888436	10544.972656
3727.132508	1.072478	0.888436	11487.680664
3727.133553	0.092849	0.888436	11584.708008
3727.134434	0.090417	0.888436	11664.366211
3727.135301	0.090491	0.888436	11742.821289
3727.136301	0.090461	0.888436	11833.283203
3727.137206	0.090527	0.888436	11915.210937
3727.138086	0.090491	0.888436	11994.842773
3727.139061	0.090531	0.888436	12083.110352
3727.140083	0.090480	0.888436	12175.581055
3727.140972	0.090447	0.888436	12255.988281
3727.141833	0.090483	0.888436	12333.894531
3728.175438	1.581753	0.886200	892.108643
3728.176486	1.878878	0.886200	2861.172852
3728.177374	1.826876	0.886200	4483.438965
3728.178247	1.771439	0.886200	6029.905273
3728.179186	1.714772	0.886200	7640.076172
3728.180188	1.658174	0.886200	9301.566406
3728.181099	1.607069	0.886200	10765.606445
3728.182005	0.916080	0.886200	11595.575195
3728.183006	0.092545	0.886200	11688.212891
3728.183922	0.090417	0.886200	11771.035156
3728.184805	0.090498	0.886200	11850.945312
3728.185665	0.090531	0.886200	11928.801758
3728.186726	0.090461	0.886200	12024.781250
3728.187617	0.090498	0.886200	12105.415039
3728.188495	0.090513	0.886200	12184.884766
3728.189504	0.090557	0.886200	12276.256836
3728.190432	0.090476	0.886200	12360.218750
3728.191305	0.090487	0.886200	12439.213867
3729.217718	1.437437	0.890079	605.160828
3729.218745	1.883672	0.890079	2539.691895
3729.219790	1.827418	0.890079	4449.343750
3729.220683	1.770590	0.890079	6030.480469
3729.221636	1.713743	0.890079	7663.677246
3729.222702	1.652816	0.890079	9425.579102
3729.223643	1.601825	0.890079	10932.896484
3729.224515	0.765447	0.890079	11600.366211
3729.225598	0.090454	0.890079	11698.328125
3729.226589	0.090498	0.890079	11788.011719
3729.227478	0.090432	0.890079	11868.406250
3729.228464	0.090608	0.890079	11957.746094
3729.229493	0.090516	0.890079	12050.887695
3729.230403	0.090450	0.890079	12133.197266
3729.231261	0.090524	0.890079	12210.866211
3729.232351	0.090560	0.890079	12309.577148
3729.233334	0.090461	0.890079	12398.500977
3729.234216	0.090491	0.890079	12478.313477
3730.266566	1.460848	0.879731	632.547363
3730.267450	1.888004	0.879731	2301.542969
3730.268453	1.838547	0.879731	4145.605957
3730.269507	1.772168	0.879731	6013.471191
3730.270412	1.716434	0.879731	7566.844238
3730.271279	1.664531	0.879731	9009.993164
3730.272393	1.606329	0.879731	10799.444336
3730.273359	0.772115	0.879731	11545.307617
3730.274220	0.091168	0.879731	11623.803711
3730.275251	0.090542	0.879731	11717.152344
3730.276284	0.090447	0.879731	11810.583984
3730.277163	0.090443	0.879731	11890.083008
3730.278084	0.090579	0.879731	11973.505859
3730.279159	0.090586	0.879731	12070.885742
3730.280098	0.090414	0.879731	12155.784180
3730.280955	0.090447	0.879731	12233.296875
3730.281987	0.090498	0.879731	12326.690430
3730.283011	0.090458	0.879731	12419.319336
3731.308828	1.525020	0.868266	770.134888
3731.309827	1.882478	0.868266	2650.730469
3731.310707	1.833472	0.868266	4264.185547
3731.311701	1.770619	0.868266	6024.180664
3731.312761	1.707481	0.868266	7834.110352
3731.313663	1.655753	0.868266	9327.599609
3731.314555	1.605743	0.868266	10759.922852
3731.315650	0.612180	0.868266	11430.259766
3731.316602	0.090311	0.868266	11516.236328
3731.317521	0.090461	0.868266	11599.370117
3731.318399	0.090450	0.868266	11678.785156
3731.319434	0.090465	0.868266	11772.416992
3731.320324	0.090494	0.868266	11852.957031
3731.321198	0.090450	0.868266	11932.010742
3731.322086	0.090549	0.868266	12012.418945
3731.323111	0.090450	0.868266	12105.130859
3731.323991	0.090392	0.868266	12184.675781
3731.324857	0.090414	0.868266	12262.974609
3732.358957	1.542367	0.871867	809.742676
3732.359896	1.884283	0.871867	2579.084961
3732.360760	1.837035	0.871867	4166.283203
3732.361820	1.770941	0.871867	6043.480957
3732.362842	1.709260	0.871867	7790.344727
3732.363720	1.658954	0.871867	9246.906250
3732.364691	1.606644	0.871867	10806.958008
3732.365750	0.619556	0.871867	11463.067383
3732.366672	0.090311	0.871867	11546.333984
3732.367537	0.090469	0.871867	11624.589844
3732.368619	0.090557	0.871867	11722.572266
3732.369609	0.090428	0.871867	11812.096680
3732.370506	0.090436	0.871867	11893.217773
3732.371477	0.090520	0.871867	11981.112305
3732.372526	0.090480	0.871867	12076.025391
3732.373439	0.090520	0.871867	12158.669922
3732.374299	0.090516	0.871867	12236.513672
3732.375404	0.090553	0.871867	12336.575195
3733.399076	1.536467	0.891397	794.353577
3733.399985	1.885514	0.891397	2508.285645
3733.400850	1.837775	0.891397	4097.960937
3733.401954	1.770103	0.891397	6052.154297
3733.402949	1.709744	0.891397	7753.349121
3733.403844	1.659034	0.891397	9238.184570
3733.404722	1.611339	0.891397	10652.940430
3733.405744	0.840176	0.891397	11511.599609
3733.406635	0.091179	0.891397	11592.839844
3733.407557	0.090461	0.891397	11676.245117
3733.408428	0.090549	0.891397	11755.113281
3733.409476	0.090520	0.891397	11849.978516
3733.410371	0.090406	0.891397	11930.892578
3733.411251	0.090480	0.891397	12010.514648
3733.412221	0.090571	0.891397	12098.369141
3733.413181	0.090425	0.891397	12185.176758
3733.414110	0.090428	0.891397	12269.184570
3733.414975	0.090461	0.891397	12347.433594
3734.450617	1.437041	0.864306	604.994263
3734.451680	1.882778	0.864306	2606.387695
3734.452700	1.826517	0.864306	4469.435547
3734.453585	1.770267	0.864306	6036.122070
3734.454574	1.711212	0.864306	7728.510742
3734.455651	1.650923	0.864306	9506.554687
3734.456556	1.600664	0.864306	10955.156250
3734.457432	0.725442	0.864306	11590.643555
3734.458523	0.090363	0.864306	11689.229492
3734.459501	0.090392	0.864306	11777.632812
3734.460388	0.090472	0.864306	11857.881836
3734.461392	0.090582	0.864306	11948.826172
3734.462450	0.090443	0.864306	12044.514648
3734.463338	0.090370	0.864306	12124.762695
3734.464198	0.090505	0.864306	12202.597656
3734.465313	0.090516	0.864306	12303.523437
3734.466273	0.090410	0.864306	12390.317383
3734.467139	0.090385	0.864306	12468.590820
3735.489489	1.455220	0.869551	644.662354
3735.490366	1.887946	0.869551	2300.390625
3735.491266	1.842711	0.869551	3958.830566
3735.492371	1.774797	0.869551	5919.981445
3735.493276	1.719554	0.869551	7476.178223
3735.494146	1.669523	0.869551	8928.663086
3735.495198	1.612244	0.869551	10624.743164
3735.496181	0.919416	0.869551	11528.529297
3735.497054	0.092659	0.869551	11609.419922
3735.498112	0.090505	0.869551	11705.174805
3735.499150	0.090425	0.869551	11799.036133
3735.500046	0.090425	0.869551	11880.056641
3735.500982	0.090450	0.869551	11964.717773
3735.502036	0.090520	0.869551	12060.125977
3735.502972	0.090509	0.869551	12144.842773
3735.503833	0.090439	0.869551	12222.710937
3735.504879	0.090630	0.869551	12317.509766
3735.505893	0.090450	0.869551	12409.226562
3736.544185	1.436986	0.844700	607.845093
3736.545162	1.884701	0.844700	2449.197754
3736.546120	1.835856	0.844700	4207.947754
3736.547051	1.776735	0.844700	5862.087891
3736.547920	1.723359	0.844700	7359.687012
3736.548957	1.665179	0.844700	9086.478516
3736.549850	1.615979	0.844700	10529.547852
3736.550734	1.179858	0.844700	11572.542969
3736.551660	0.106091	0.844700	11670.783203
3736.552664	0.090454	0.844700	11761.599609
3736.553568	0.090502	0.844700	11843.413086
3736.554448	0.090458	0.844700	11923.015625
3736.555527	0.090590	0.844700	12020.761719
3736.556432	0.090447	0.844700	12102.616211
3736.557295	0.090458	0.844700	12180.681641
3736.558353	0.090553	0.844700	12276.486328
3736.559320	0.090461	0.844700	12363.962891
3736.560203	0.090465	0.844700	12443.843750
3737.579000	1.517542	0.884520	731.455017
3737.579886	1.886942	0.884520	2403.285645
3737.580852	1.838031	0.884520	4178.823730
3737.581900	1.770762	0.884520	6034.582031
3737.582832	1.714175	0.884520	7632.192871
3737.583698	1.663550	0.884520	9072.827148
3737.584794	1.605355	0.884520	10832.296875
3737.585804	0.650134	0.884520	11488.932617
3737.586682	0.090634	0.884520	11568.508789
3737.587677	0.090586	0.884520	11658.641602
3737.588722	0.090465	0.884520	11753.177734
3737.589620	0.090472	0.884520	11834.421875
3737.590479	0.090494	0.884520	11912.156250
3737.591573	0.090538	0.884520	12011.205078
3737.592533	0.090432	0.884520	12098.019531
3737.593402	0.090461	0.884520	12176.630859
3737.594400	0.090571	0.884520	12267.021484
3737.595459	0.090516	0.884520	12362.877930
3738.637656	1.590795	0.845845	927.433289
3738.638710	1.877549	0.845845	2906.369873
3738.639601	1.824778	0.845845	4532.247070
3738.640490	1.766975	0.845845	6103.087891
3738.641581	1.703540	0.845845	7961.649902
3738.642537	1.649608	0.845845	9538.675781
3738.643398	1.602528	0.845845	10918.452148
3738.644431	0.576478	0.845845	11513.954102
3738.645486	0.090293	0.845845	11609.212891
3738.646361	0.090483	0.845845	11688.385742
3738.647291	0.090579	0.845845	11772.624023
3738.648356	0.090549	0.845845	11869.058594
3738.649292	0.090421	0.845845	11953.692383
3738.650158	0.090491	0.845845	12032.057617
3738.651204	0.090641	0.845845	12126.868164
3738.652212	0.090502	0.845845	12218.093750
3738.653113	0.090491	0.845845	12299.625977
3738.654063	0.090619	0.845845	12385.713867
3739.667751	1.539503	0.893834	795.923096
3739.668780	1.880365	0.893834	2730.818848
3739.669681	1.829026	0.893834	4378.771484
3739.670658	1.768304	0.893834	6106.404785
3739.671704	1.704536	0.893834	7889.349609
3739.672624	1.652662	0.893834	9409.798828
3739.673494	1.604385	0.893834	10805.613281
3739.674574	0.594089	0.893834	11447.229492
3739.675569	0.090308	0.893834	11537.085937
3739.676446	0.090370	0.893834	11616.339844
3739.677436	0.090575	0.893834	11706.008789
3739.678483	0.090520	0.893834	11800.783203
3739.679384	0.090458	0.893834	11882.285156
3739.680241	0.090549	0.893834	11959.885742
3739.681305	0.090560	0.893834	12056.242187
3739.682298	0.090509	0.893834	12146.117187
3739.683192	0.090516	0.893834	12227.039062
3739.684169	0.090601	0.893834	12315.555664
3740.730553	1.446248	0.853071	610.316467
3740.731670	1.881006	0.853071	2711.399902
3740.732575	1.829484	0.853071	4367.082520
3740.733450	1.774263	0.853071	5919.562500
3740.734459	1.714431	0.853071	7649.423828
3740.735466	1.656010	0.853071	9317.025391
3740.736354	1.607977	0.853071	10744.909180
3740.737362	0.782135	0.853071	11533.300781
3740.738410	0.090531	0.853071	11628.177734
3740.739297	0.090443	0.853071	11708.400391
3740.740163	0.090538	0.853071	11786.806641
3740.741255	0.090564	0.853071	11885.702148
3740.742218	0.090472	0.853071	11972.827148
3740.743094	0.090476	0.853071	12052.083984
3740.744090	0.090571	0.853071	12142.292969
3740.745154	0.090549	0.853071	12238.637695
3740.746043	0.090461	0.853071	12319.057617
3740.746921	0.090593	0.853071	12398.598633
3741.756918	1.461456	0.900710	705.883423
3741.757988	1.879552	0.900710	2717.003906
3741.758941	1.825583	0.900710	4456.785156
3741.759811	1.770033	0.900710	5996.713867
3741.760853	1.707517	0.900710	7775.946777
3741.761884	1.649282	0.900710	9476.356445
3741.762787	1.600298	0.900710	10921.425781
3741.763752	0.679658	0.900710	11577.295898
3741.764812	0.090311	0.900710	11673.025391
3741.765738	0.090439	0.900710	11756.772461
3741.766600	0.090396	0.900710	11834.693359
3741.767697	0.090498	0.900710	11933.969727
3741.768693	0.090428	0.900710	12024.036133
3741.769583	0.090432	0.900710	12104.520508
3741.770574	0.090494	0.900710	12194.200195
3741.771622	0.090436	0.900710	12288.976562
3741.772514	0.090432	0.900710	12369.641602
3741.773370	0.090469	0.900710	12447.083008
3742.824217	1.526514	0.820466	773.942444
3742.825236	1.881357	0.820466	2691.045654
3742.826115	1.831534	0.820466	4300.964355
3742.827093	1.769963	0.820466	6031.988281
3742.828139	1.707125	0.820466	7817.641602
3742.829055	1.655090	0.820466	9333.704102
3742.829924	1.606036	0.820466	10729.349609
3742.831020	0.639408	0.820466	11430.140625
3742.832009	0.090260	0.820466	11519.408203
3742.832897	0.090385	0.820466	11599.669922
3742.833884	0.090546	0.820466	11689.038086
3742.834934	0.090432	0.820466	11783.992187
3742.835825	0.090465	0.820466	11864.596680
3742.836710	0.090406	0.820466	11944.606445
3742.837827	0.090560	0.820466	12045.762695
3742.838788	0.090388	0.820466	12132.625977
3742.839650	0.090399	0.820466	12210.549805
3742.840686	0.090571	0.820466	12304.381836
3743.846326	1.436202	0.915240	604.641235
3743.847398	1.881830	0.915240	2621.962891
3743.848413	1.825529	0.915240	4474.874512
3743.849312	1.768791	0.915240	6065.018066
3743.850299	1.710366	0.915240	7753.149414
3743.851354	1.650531	0.915240	9494.459961
3743.852274	1.599708	0.915240	10966.191406
3743.853145	0.722765	0.915240	11595.719727
3743.854254	0.090417	0.915240	11695.993164
3743.855249	0.090355	0.915240	11785.896484
3743.856133	0.090436	0.915240	11865.841797
3743.857129	0.090568	0.915240	11956.046875
3743.858175	0.090421	0.915240	12050.626953
3743.859066	0.090428	0.915240	12131.198242
3743.859935	0.090480	0.915240	12209.825195
3743.861029	0.090546	0.915240	12308.881836
3743.861985	0.090436	0.915240	12395.338867
3743.862841	0.090377	0.915240	12472.702148
3744.914926	1.500396	0.836148	712.687866
3744.915800	1.887045	0.836148	2361.964844
3744.916767	1.838405	0.836148	4139.702148
3744.917823	1.770769	0.836148	6009.634277
3744.918746	1.715149	0.836148	7592.716797
3744.919616	1.664139	0.836148	9040.517578
3744.920695	1.606472	0.836148	10773.901367
3744.921689	0.732843	0.836148	11502.347656
3744.922583	0.090773	0.836148	11583.498047
3744.923569	0.090586	0.836148	11672.815430
3744.924616	0.090623	0.836148	11767.697266
3744.925523	0.090542	0.836148	11849.818359
3744.926385	0.090564	0.836148	11927.884766
3744.927470	0.090623	0.836148	12026.209961
3744.928418	0.090439	0.836148	12111.946289
3744.929296	0.090483	0.836148	12191.390625
3744.930302	0.090656	0.836148	12282.589844
3744.931333	0.090590	0.836148	12375.987305
3745.939395	1.445749	0.900247	621.672241
3745.940276	1.887627	0.900247	2284.671387
3745.941224	1.842920	0.900247	4031.759521
3745.942153	1.781451	0.900247	5686.727539
3745.943081	1.725395	0.900247	7287.894531
3745.943950	1.673196	0.900247	8741.901367
3745.945003	1.617656	0.900247	10445.292969
3745.945891	1.237372	0.900247	11544.079102
3745.946762	0.112972	0.900247	11642.478516
3745.947773	0.090472	0.900247	11733.946289
3745.948667	0.090399	0.900247	11814.762695
3745.949590	0.090487	0.900247	11898.282227
3745.950470	0.090476	0.900247	11977.901367
3745.951496	0.090483	0.900247	12070.737305
3745.952386	0.090450	0.900247	12151.238281
3745.953257	0.090472	0.900247	12230.040039
3745.954230	0.090516	0.900247	12318.112305
3745.955187	0.090381	0.900247	12404.606445
3747.004178	1.525305	0.829957	770.279114
3747.005117	1.884163	0.829957	2539.507812
3747.005981	1.836896	0.829957	4126.585937
3747.007052	1.769718	0.829957	6021.954102
3747.008074	1.708202	0.829957	7767.736328
3747.008966	1.657672	0.829957	9246.379883
3747.009940	1.605747	0.829957	10810.377930
3747.010987	0.636332	0.829957	11476.617187
3747.011908	0.090267	0.829957	11559.752930
3747.012767	0.090447	0.829957	11637.446289
3747.013836	0.090557	0.829957	11734.250977
3747.014824	0.090450	0.829957	11823.616211
3747.015695	0.090417	0.829957	11902.370117
3747.016677	0.090516	0.829957	11991.256836
3747.017735	0.090502	0.829957	12087.007812
3747.018636	0.090509	0.829957	12168.556641
3747.019500	0.090436	0.829957	12246.693359
3747.020589	0.090549	0.829957	12345.301758
3748.033030	1.462690	0.887936	734.270569
3748.034092	1.878977	0.887936	2729.744141
3748.035046	1.824836	0.887936	4470.638184
3748.035909	1.768978	0.887936	5997.266602
3748.036973	1.706027	0.887936	7812.479004
3748.037975	1.649495	0.887936	9465.272461
3748.038871	1.601539	0.887936	10900.251953
3748.039848	0.665006	0.887936	11549.962891
3748.040888	0.090377	0.887936	11643.955078
3748.041801	0.090483	0.887936	11726.566406
3748.042660	0.090568	0.887936	11804.364258
3748.043739	0.090656	0.887936	11902.181641
3748.044727	0.090494	0.887936	11991.589844
3748.045605	0.090513	0.887936	12071.059570
3748.046607	0.090626	0.887936	12161.867187
3748.047657	0.090531	0.887936	12256.924805
3748.048538	0.090509	0.887936	12336.663086
3748.049403	0.090582	0.887936	12415.016602
3749.093177	1.549405	0.844511	853.722412
3749.094244	1.877032	0.844511	2856.516113
3749.095159	1.823306	0.844511	4524.840820
3749.096026	1.765873	0.844511	6055.852539
3749.097141	1.701625	0.844511	7953.164062
3749.098108	1.647491	0.844511	9546.288086
3749.099025	1.598624	0.844511	11012.226562
3749.099908	0.660399	0.844511	11595.359375
3749.101000	0.090341	0.844511	11694.011719
3749.101891	0.090465	0.844511	11774.616211
3749.102764	0.090406	0.844511	11853.541016
3749.103651	0.090491	0.844511	11933.806641
3749.104693	0.090465	0.844511	12028.071289
3749.105572	0.090443	0.844511	12107.570312
3749.106443	0.090553	0.844511	12186.442383
3749.107441	0.090520	0.844511	12276.781250
3749.108360	0.090480	0.844511	12359.931641
3749.109288	0.090480	0.844511	12443.896484
3750.128331	1.460303	0.887384	642.533203
3750.129191	1.885964	0.887384	2264.462402
3750.130286	1.832706	0.887384	4271.275879
3750.131288	1.768868	0.887384	6043.682129
3750.132172	1.715299	0.887384	7560.006836
3750.133184	1.657811	0.887384	9237.711914
3750.134240	1.601301	0.887384	10928.685547
3750.135138	0.717393	0.887384	11572.904297
3750.136038	0.091000	0.887384	11654.803711
3750.137124	0.090593	0.887384	11753.188477
3750.138064	0.090465	0.887384	11838.225586
3750.138930	0.090469	0.887384	11916.571289
3750.139966	0.090604	0.887384	12010.437500
3750.140982	0.090564	0.887384	12102.450195
3750.141877	0.090553	0.887384	12183.495117
3750.142809	0.090590	0.887384	12267.924805
3750.143845	0.090505	0.887384	12361.688477
3750.144795	0.090476	0.887384	12447.640625
3751.180809	1.515992	0.856221	747.384277
3751.181701	1.885657	0.856221	2429.390137
3751.182581	1.840408	0.856221	4048.948730
3751.183506	1.781071	0.856221	5696.438965
3751.184536	1.718972	0.856221	7466.980469
3751.185457	1.666231	0.856221	9001.579102
3751.186332	1.616265	0.856221	10415.810547
3751.187441	0.933153	0.856221	11450.677734
3751.188319	0.093087	0.856221	11532.408203
3751.189174	0.090417	0.856221	11609.714844
3751.190235	0.090615	0.856221	11705.857422
3751.191206	0.090458	0.856221	11793.692383
3751.192078	0.090469	0.856221	11872.581055
3751.192934	0.090590	0.856221	11950.125977
3751.194050	0.090513	0.856221	12051.137695
3751.194947	0.090436	0.856221	12132.258789
3751.195828	0.090480	0.856221	12211.971680
3751.196810	0.090586	0.856221	12300.926758
3752.221630	1.445435	0.848962	615.755127
3752.222558	1.884778	0.848962	2364.828857
3752.223623	1.830524	0.848962	4314.336426
3752.224581	1.770103	0.848962	6010.094727
3752.225446	1.717225	0.848962	7495.494629
3752.226493	1.657998	0.848962	9231.417969
3752.227520	1.602894	0.848962	10877.590820
3752.228417	0.782842	0.848962	11579.799805
3752.229396	0.091432	0.848962	11669.311523
3752.230440	0.090414	0.848962	11763.703125
3752.231361	0.090454	0.848962	11847.011719
3752.232216	0.090487	0.848962	11924.377930
3752.233299	0.090527	0.848962	12022.418945
3752.234295	0.090513	0.848962	12112.569336
3752.235167	0.090472	0.848962	12191.460937
3752.236147	0.090593	0.848962	12280.242187
3752.237195	0.090443	0.848962	12375.026367
3752.238109	0.090443	0.848962	12457.691406
3753.270310	1.536617	0.854260	797.504456
3753.271227	1.884115	0.854260	2525.237793
3753.272091	1.836643	0.854260	4112.097168
3753.273187	1.769040	0.854260	6050.965820
3753.274199	1.707656	0.854260	7779.114258
3753.275083	1.657540	0.854260	9244.379883
3753.276073	1.604711	0.854260	10833.042969
3753.277144	0.593434	0.854260	11468.610352
3753.278029	0.090315	0.854260	11548.539062
3753.278892	0.090524	0.854260	11626.661133
3753.279985	0.090542	0.854260	11725.623047
3753.280946	0.090509	0.854260	11812.602539
3753.281874	0.090516	0.854260	11896.601562
3753.282755	0.090454	0.854260	11976.291992
3753.283749	0.090590	0.854260	12066.337891
3753.284668	0.090494	0.854260	12149.501953
3753.285586	0.090396	0.854260	12232.485352
3753.286446	0.090524	0.854260	12310.335937
3754.314691	1.438099	0.848842	616.944641
3754.315560	1.887286	0.848842	2256.996338
3754.316588	1.836951	0.848842	4145.381836
3754.317568	1.774702	0.848842	5884.589844
3754.318462	1.720247	0.848842	7422.490234
3754.319512	1.659939	0.848842	9165.425781
3754.320555	1.604191	0.848842	10838.596680
3754.321457	0.810194	0.848842	11569.391602
3754.322390	0.091780	0.848842	11655.022461
3754.323449	0.090568	0.848842	11750.933594
3754.324394	0.090483	0.848842	11836.440430
3754.325258	0.090472	0.848842	11914.608398
3754.326307	0.090593	0.848842	12009.640625
3754.327321	0.090406	0.848842	12101.312500
3754.328206	0.090487	0.848842	12181.393555
3754.329192	0.090652	0.848842	12270.776367
3754.330236	0.090568	0.848842	12365.329102
3754.331149	0.090483	0.848842	12447.940430
3755.361222	1.453491	0.868375	622.094238
3755.362084	1.886111	0.868375	2247.921875
3755.363176	1.833234	0.868375	4249.812988
3755.364145	1.772358	0.868375	5967.228516
3755.365011	1.719364	0.868375	7456.197754
3755.366061	1.659694	0.868375	9198.875977
3755.367103	1.603740	0.868375	10869.973633
3755.367995	0.800204	0.868375	11583.755859
3755.368922	0.091608	0.868375	11668.675781
3755.369992	0.090568	0.868375	11765.583008
3755.370926	0.090421	0.868375	11850.036133
3755.371782	0.090458	0.868375	11927.467773
3755.372800	0.090586	0.868375	12019.684570
3755.373830	0.090491	0.868375	12112.889648
3755.374722	0.090535	0.868375	12193.646484
3755.375676	0.090524	0.868375	12280.005859
3755.376735	0.090465	0.868375	12375.808594
3755.377664	0.090527	0.868375	12459.908203
3756.406047	1.534215	0.846239	787.052368
3756.407074	1.880321	0.846239	2718.142090
3756.407969	1.829744	0.846239	4355.762695
3756.408933	1.769630	0.846239	6061.686035
3756.409988	1.705840	0.846239	7861.347168
3756.410918	1.652966	0.846239	9398.605469
3756.411778	1.605363	0.846239	10779.216797
3756.412852	0.647201	0.846239	11474.310547
3756.413862	0.090406	0.846239	11565.621094
3756.414739	0.090461	0.846239	11644.956055
3756.415698	0.090677	0.846239	11731.916016
3756.416776	0.090608	0.846239	11829.591797
3756.417668	0.090487	0.846239	11910.306641
3756.418536	0.090546	0.846239	11988.900391
3756.419628	0.090630	0.846239	12087.868164
3756.420612	0.090505	0.846239	12176.925781
3756.421504	0.090549	0.846239	12257.695312
3756.422490	0.090619	0.846239	12347.045898
3757.453079	1.480228	0.850247	765.278015
3757.454051	1.882606	0.850247	2595.171143
3757.454978	1.831802	0.850247	4293.251465
3757.455848	1.775790	0.850247	5838.188477
3757.456890	1.714186	0.850247	7624.370117
3757.457778	1.662861	0.850247	9100.991211
3757.458656	1.614785	0.850247	10518.772461
3757.459589	1.024486	0.850247	11474.618164
3757.460585	0.092585	0.850247	11566.833008
3757.461507	0.090454	0.850247	11650.231445
3757.462383	0.090586	0.850247	11729.584961
3757.463424	0.090502	0.850247	11823.796875
3757.464330	0.090454	0.850247	11905.748047
3757.465207	0.090480	0.850247	11985.098633
3757.466190	0.090586	0.850247	12074.144531
3757.467184	0.090388	0.850247	12163.990234
3757.468081	0.090443	0.850247	12245.118164
3757.468941	0.090553	0.850247	12322.994141
3758.496055	1.568115	0.845284	840.509766
3758.497054	1.880303	0.845284	2718.932129
3758.497952	1.829758	0.845284	4362.055176
3758.498956	1.767059	0.845284	6136.182617
3758.500009	1.704485	0.845284	7931.004883
3758.500904	1.652586	0.845284	9410.069336
3758.501768	1.603487	0.845284	10795.482422
3758.502880	0.566935	0.845284	11425.914062
3758.503835	0.090278	0.845284	11512.129883
3758.504693	0.090458	0.845284	11589.742187
3758.505754	0.090524	0.845284	11685.788086
3758.506779	0.090454	0.845284	11778.503906
3758.507663	0.090524	0.845284	11858.526367
3758.508572	0.090465	0.845284	11940.758789
3758.509665	0.090516	0.845284	12039.693359
3758.510596	0.090487	0.845284	12123.936523
3758.511465	0.090491	0.845284	12202.573242
3758.512481	0.090703	0.845284	12294.727539
3759.546118	1.506288	0.847424	750.131348
3759.547074	1.884265	0.847424	2551.488770
3759.547938	1.837852	0.847424	4139.392578
3759.548997	1.771186	0.847424	6015.079102
3759.550017	1.709835	0.847424	7759.110840
3759.550899	1.659254	0.847424	9222.573242
3759.551839	1.609372	0.847424	10735.383789
3759.552909	0.702089	0.847424	11486.619141
3759.553847	0.090425	0.847424	11571.437500
3759.554708	0.090480	0.847424	11649.340820
3759.555755	0.090615	0.847424	11744.214844
3759.556770	0.090516	0.847424	11836.088867
3759.557651	0.090428	0.847424	11915.755859
3759.558603	0.090549	0.847424	12001.958984
3759.559662	0.090546	0.847424	12097.846680
3759.560596	0.090454	0.847424	12182.331055
3759.561458	0.090491	0.847424	12260.333984
3759.562502	0.090601	0.847424	12354.920898
3760.586548	1.494661	0.847274	819.074036
3760.587429	1.884613	0.847274	2479.418213
3760.588312	1.837947	0.847274	4102.325195
3760.589234	1.778599	0.847274	5742.193359
3760.590244	1.718035	0.847274	7477.408203
3760.591157	1.665359	0.847274	8997.880859
3760.592059	1.616807	0.847274	10456.240234
3760.593068	1.020187	0.847274	11485.608398
3760.593994	0.093193	0.847274	11571.905273
3760.594915	0.090454	0.847274	11655.213867
3760.595776	0.090538	0.847274	11733.166992
3760.596816	0.090487	0.847274	11827.273437
3760.597698	0.090458	0.847274	11907.057617
3760.598565	0.090428	0.847274	11985.458984
3760.599544	0.090531	0.847274	12074.088867
3760.600476	0.090399	0.847274	12158.340820
3760.601349	0.090432	0.847274	12237.288086
3760.602299	0.090516	0.847274	12323.278320
3761.638587	1.439659	0.827069	611.855225
3761.639612	1.883683	0.827069	2542.629883
3761.640518	1.834768	0.827069	4204.929687
3761.641426	1.776962	0.827069	5818.411133
3761.642307	1.722008	0.827069	7335.500000
3761.643346	1.664205	0.827069	9064.609375
3761.644244	1.615858	0.827069	10515.650391
3761.645107	1.170780	0.827069	11526.033203
3761.646184	0.094351	0.827069	11627.648437
3761.647112	0.090414	0.827069	11711.552734
3761.647994	0.090494	0.827069	11791.369141
3761.648970	0.090560	0.827069	11879.755859
3761.649976	0.090461	0.827069	11970.759766
3761.650862	0.090461	0.827069	12050.908203
3761.651722	0.090494	0.827069	12128.733398
3761.652795	0.090601	0.827069	12225.948242
3761.653710	0.090487	0.827069	12308.744141
3761.654578	0.090531	0.827069	12387.325195
3762.675485	1.520691	0.874188	772.510986
3762.676516	1.880409	0.874188	2711.212402
3762.677398	1.830648	0.874188	4325.843750
3762.678381	1.769568	0.874188	6065.329102
3762.679433	1.706232	0.874188	7860.285156
3762.680354	1.653600	0.874188	9383.250977
3762.681214	1.605872	0.874188	10764.300781
3762.682282	0.640210	0.874188	11448.044922
3762.683289	0.090333	0.874188	11539.010742
3762.684179	0.090454	0.874188	11619.514648
3762.685167	0.090527	0.874188	11708.956055
3762.686220	0.090586	0.874188	11804.342773
3762.687118	0.090428	0.874188	11885.547852
3762.687982	0.090516	0.874188	11963.753906
3762.689090	0.090604	0.874188	12064.143555
3762.690063	0.090403	0.874188	12152.105469
3762.690928	0.090513	0.874188	12230.399414
3762.692016	0.090590	0.874188	12328.960937
3763.731990	1.518688	0.826416	766.937317
3763.733012	1.880955	0.826416	2689.272949
3763.733914	1.830377	0.826416	4340.272949
3763.734869	1.771000	0.826416	6031.577637
3763.735924	1.706957	0.826416	7832.416992
3763.736869	1.653314	0.826416	9394.798828
3763.737736	1.606044	0.826416	10787.238281
3763.738813	0.614019	0.826416	11448.536133
3763.739804	0.090275	0.826416	11537.998047
3763.740689	0.090549	0.826416	11618.133789
3763.741674	0.090626	0.826416	11707.400391
3763.742729	0.090604	0.826416	11802.988281
3763.743631	0.090465	0.826416	11884.587891
3763.744490	0.090469	0.826416	11962.300781
3763.745598	0.090557	0.826416	12062.637695
3763.746585	0.090425	0.826416	12151.886719
3763.747458	0.090527	0.826416	12230.916992
3763.748335	0.090483	0.826416	12310.270508
3764.765967	1.512821	0.859654	762.461853
3764.766864	1.885818	0.859654	2454.040527
3764.767725	1.839243	0.859654	4037.628906
3764.768834	1.770985	0.859654	6001.651367
3764.769808	1.711908	0.859654	7669.049805
3764.770695	1.661722	0.859654	9142.998047
3764.771715	1.608061	0.859654	10783.220703
3764.772780	0.637035	0.859654	11461.663086
3764.773671	0.090319	0.859654	11542.136719
3764.774579	0.090601	0.859654	11624.402344
3764.775641	0.090538	0.859654	11720.553711
3764.776592	0.090527	0.859654	11806.645508
3764.777511	0.090443	0.859654	11889.762695
3764.778379	0.090472	0.859654	11968.292969
3764.779419	0.090498	0.859654	12062.411133
3764.780295	0.090421	0.859654	12141.620117
3764.781160	0.090454	0.859654	12219.863281
3764.782018	0.090483	0.859654	12297.498047
3765.823971	1.514356	0.809090	701.146606
3765.824862	1.886953	0.809090	2382.421875
3765.825872	1.836387	0.809090	4237.172363
3765.826794	1.775548	0.809090	5874.227539
3765.827726	1.720133	0.809090	7477.391602
3765.828593	1.668146	0.809090	8923.673828
3765.829646	1.613445	0.809090	10622.630859
3765.830542	1.088478	0.809090	11597.907227
3765.831399	0.098665	0.809090	11682.462891
3765.832487	0.090480	0.809090	11780.905273
3765.833385	0.090491	0.809090	11862.166016
3765.834254	0.090502	0.809090	11940.811523
3765.835233	0.090582	0.809090	12029.491211
3765.836245	0.090421	0.809090	12120.997070
3765.837135	0.090417	0.809090	12201.468750
3765.837994	0.090498	0.809090	12279.207031
3765.839078	0.090538	0.809090	12377.350586
3765.840005	0.090428	0.809090	12461.177734
3766.856394	1.448950	0.879723	631.742249
3766.857264	1.887755	0.879723	2274.089355
3766.858329	1.834896	0.879723	4228.253906
3766.859357	1.769890	0.879723	6047.701172
3766.860242	1.716196	0.879723	7566.535156
3766.861218	1.662026	0.879723	9188.672852
3766.862275	1.603337	0.879723	10883.400391
3766.863201	0.734399	0.879723	11563.454102
3766.864106	0.090692	0.879723	11645.530273
3766.864982	0.090549	0.879723	11724.851562
3766.866014	0.090443	0.879723	11818.188477
3766.866921	0.090392	0.879723	11900.173828
3766.867795	0.090443	0.879723	11979.220703
3766.868740	0.090538	0.879723	12064.779297
3766.869720	0.090476	0.879723	12153.446289
3766.870646	0.090447	0.879723	12237.200195
3766.871512	0.090461	0.879723	12315.540039
3766.872559	0.090593	0.879723	12410.391602
3767.915560	1.539763	0.805759	800.676880
3767.916483	1.884547	0.805759	2540.113770
3767.917346	1.836691	0.805759	4125.177734
3767.918453	1.768736	0.805759	6083.168945
3767.919445	1.708429	0.805759	7777.930664
3767.920332	1.658544	0.805759	9249.058594
3767.921336	1.604139	0.805759	10859.614258
3767.922393	0.589288	0.805759	11482.492187
3767.923278	0.090234	0.805759	11562.349609
3767.924135	0.090469	0.805759	11639.880859
3767.925242	0.090604	0.805759	11740.179687
3767.926223	0.090399	0.805759	11828.861328
3767.927079	0.090483	0.805759	11906.315430
3767.928144	0.090557	0.805759	12002.757812
3767.929183	0.090472	0.805759	12096.758789
3767.930084	0.090505	0.805759	12178.303711
3767.931025	0.090520	0.805759	12263.483398
3767.932092	0.090597	0.805759	12360.150391
3768.947948	1.464445	0.860681	697.075623
3768.949046	1.880277	0.860681	2761.619873
3768.949926	1.828967	0.860681	4371.110840
3768.950800	1.773369	0.860681	5921.035156
3768.951833	1.711425	0.860681	7688.936523
3768.952806	1.656925	0.860681	9301.125000
3768.953678	1.608677	0.860681	10703.890625
3768.954704	0.758745	0.860681	11482.363281
3768.955748	0.090297	0.860681	11576.632812
3768.956636	0.090476	0.860681	11656.975586
3768.957547	0.090494	0.860681	11739.416016
3768.958632	0.090502	0.860681	11837.610352
3768.959584	0.090396	0.860681	11923.666992
3768.960447	0.090458	0.860681	12001.732422
3768.961491	0.090502	0.860681	12096.215820
3768.962511	0.090399	0.860681	12188.422852
3768.963391	0.090428	0.860681	12268.000000
3768.964364	0.090623	0.860681	12356.175781
3770.006711	1.437448	0.805295	605.165405
3770.007707	1.883639	0.805295	2481.269775
3770.008774	1.827752	0.805295	4431.480469
3770.009684	1.769670	0.805295	6041.880371
3770.010552	1.715442	0.805295	7530.883789
3770.011655	1.654955	0.805295	9356.298828
3770.012637	1.601364	0.805295	10928.837891
3770.013510	0.771006	0.805295	11601.925781
3770.014597	0.090608	0.805295	11700.416992
3770.015630	0.090509	0.805295	11793.913086
3770.016529	0.090443	0.805295	11875.221680
3770.017453	0.090542	0.805295	11958.882812
3770.018500	0.090516	0.805295	12053.653320
3770.019444	0.090428	0.805295	12139.017578
3770.020303	0.090447	0.805295	12216.710937
3770.021349	0.090586	0.805295	12311.463867
3770.022360	0.090461	0.805295	12402.919922
3770.023243	0.090527	0.805295	12482.855469
3771.039689	1.470802	0.856467	642.740479
3771.040568	1.887744	0.856467	2302.067383
3771.041430	1.843700	0.856467	3891.336670
3771.042495	1.778774	0.856467	5785.731445
3771.043396	1.724066	0.856467	7339.115234
3771.044279	1.673639	0.856467	8816.938477
3771.045300	1.618118	0.856467	10469.037109
3771.046224	1.142670	0.856467	11524.864258
3771.047146	0.100287	0.856467	11617.329102
3771.048005	0.090458	0.856467	11695.032227
3771.049052	0.090476	0.856467	11789.760742
3771.049926	0.090432	0.856467	11868.798828
3771.050797	0.090516	0.856467	11947.638672
3771.051775	0.090560	0.856467	12036.207031
3771.052720	0.090560	0.856467	12121.786133
3771.053594	0.090487	0.856467	12200.872070
3771.054537	0.090458	0.856467	12286.173828
3771.055574	0.090604	0.856467	12380.130859
3772.097293	1.474438	0.807132	744.591431
3772.098359	1.879101	0.807132	2747.713379
3772.099313	1.824760	0.807132	4488.534180
3772.100182	1.768846	0.807132	6025.661621
3772.101252	1.705657	0.807132	7850.714355
3772.102257	1.648949	0.807132	9507.908203
3772.103150	1.600334	0.807132	10937.006836
3772.104145	0.613301	0.807132	11547.241211
3772.105188	0.090392	0.807132	11641.519531
3772.106094	0.090483	0.807132	11723.497070
3772.106951	0.090505	0.807132	11801.060547
3772.108028	0.090652	0.807132	11898.692383
3772.109028	0.090454	0.807132	11989.146484
3772.109898	0.090498	0.807132	12067.879883
3772.110882	0.090656	0.807132	12157.084961
3772.111954	0.090586	0.807132	12254.193359
3772.112847	0.090465	0.807132	12334.978516
3772.113711	0.090608	0.807132	12413.263672
3773.132235	1.467744	0.860193	645.807434
3773.133121	1.887371	0.860193	2318.017822
3773.134133	1.837339	0.860193	4177.404785
3773.135173	1.771501	0.860193	6019.766113
3773.136073	1.716361	0.860193	7564.491211
3773.136936	1.664744	0.860193	9001.165039
3773.138043	1.605974	0.860193	10778.978516
3773.139027	0.770647	0.860193	11537.294922
3773.139884	0.091227	0.860193	11615.476562
3773.140960	0.090637	0.860193	11713.001953
3773.141992	0.090527	0.860193	11806.425781
3773.142869	0.090509	0.860193	11885.801758
3773.143737	0.090520	0.860193	11964.373047
3773.144666	0.090560	0.860193	12048.503906
3773.145659	0.090494	0.860193	12138.365234
3773.146579	0.090491	0.860193	12221.617187
3773.147469	0.090582	0.860193	12302.235352
3773.148468	0.090597	0.860193	12392.741211
3774.187195	1.440000	0.808570	604.799988
3774.188280	1.882002	0.808570	2646.771973
3774.189205	1.830469	0.808570	4339.955566
3774.190086	1.774680	0.808570	5903.448730
3774.191093	1.715149	0.808570	7630.603516
3774.192102	1.656705	0.808570	9302.218750
3774.192985	1.607966	0.808570	10722.052734
3774.193989	0.797311	0.808570	11522.552734
3774.195037	0.090626	0.808570	11617.529297
3774.195932	0.090491	0.808570	11698.518555
3774.196789	0.090502	0.808570	11776.078125
3774.197864	0.090634	0.808570	11873.508789
3774.198846	0.090535	0.808570	11962.414062
3774.199738	0.090472	0.808570	12043.115234
3774.200740	0.090659	0.808570	12133.956055
3774.201794	0.090542	0.808570	12229.387695
3774.202687	0.090586	0.808570	12310.281250
3774.203564	0.090553	0.808570	12389.696289
3775.224856	1.518680	0.840330	776.045715
3775.225765	1.884935	0.840330	2489.451904
3775.226627	1.837742	0.840330	4073.585449
3775.227730	1.770586	0.840330	6026.541992
3775.228731	1.709806	0.840330	7738.057617
3775.229617	1.659452	0.840330	9208.332031
3775.230618	1.604513	0.840330	10814.449219
3775.231688	0.598308	0.840330	11454.638672
3775.232573	0.090425	0.840330	11534.665039
3775.233435	0.090590	0.840330	11612.752930
3775.234552	0.090593	0.840330	11713.945312
3775.235514	0.090472	0.840330	11800.979492
3775.236380	0.090568	0.840330	11879.411133
3775.237392	0.090590	0.840330	11971.087891
3775.238435	0.090483	0.840330	12065.461914
3775.239327	0.090509	0.840330	12146.196289
3775.240234	0.090619	0.840330	12228.387695
3775.241321	0.090597	0.840330	12326.866211
3776.277032	1.506786	0.840712	804.623657
3776.278088	1.878724	0.840712	2788.556641
3776.279006	1.825712	0.840712	4464.560059
3776.279868	1.769268	0.840712	5989.668945
3776.280955	1.706473	0.840712	7844.605469
3776.281950	1.649762	0.840712	9486.118164
3776.282839	1.600583	0.840712	10909.037109
3776.283854	0.603860	0.840712	11521.955078
3776.284892	0.090439	0.840712	11615.831055
3776.285776	0.090447	0.840712	11695.786133
3776.286638	0.090615	0.840712	11773.896484
3776.287756	0.090535	0.840712	11875.114258
3776.288724	0.090381	0.840712	11962.602539
3776.289591	0.090399	0.840712	12040.978516
3776.290615	0.090557	0.840712	12133.708984
3776.291658	0.090447	0.840712	12228.044922
3776.292548	0.090527	0.840712	12308.614258
3776.293473	0.090531	0.840712	12392.355469
3777.317399	1.521614	0.847569	765.371765
3777.318411	1.881302	0.847569	2669.249756
3777.319305	1.831095	0.847569	4306.248535
3777.320191	1.775164	0.847569	5879.043457
3777.321166	1.717427	0.847569	7553.534668
3777.322113	1.662272	0.847569	9127.706055
3777.323039	1.611229	0.847569	10619.704102
3777.323917	1.088156	0.847569	11575.104492
3777.324944	0.093040	0.847569	11670.656250
3777.325820	0.090326	0.847569	11749.782227
3777.326689	0.090542	0.847569	11828.462891
3777.327621	0.090527	0.847569	11912.833984
3777.328603	0.090476	0.847569	12001.681641
3777.329526	0.090505	0.847569	12085.217773
3777.330403	0.090538	0.847569	12164.620117
3777.331439	0.090623	0.847569	12258.504883
3777.332346	0.090487	0.847569	12340.576172
3777.333224	0.090520	0.847569	12420.052734
3778.367040	1.566713	0.841155	864.825378
3778.368092	1.878538	0.841155	2841.046875
3778.368989	1.826371	0.841155	4479.301758
3778.369868	1.770535	0.841155	6035.601562
3778.370783	1.714794	0.841155	7604.637695
3778.371802	1.657379	0.841155	9293.506836
3778.372718	1.606677	0.841155	10765.222656
3778.373603	0.952050	0.841155	11607.786133
3778.374630	0.092567	0.841155	11702.852539
3778.375513	0.090483	0.841155	11782.749023
3778.376423	0.090568	0.841155	11865.166016
3778.377296	0.090505	0.841155	11944.176758
3778.378331	0.090483	0.841155	12037.827148
3778.379227	0.090513	0.841155	12118.926758
3778.380102	0.090505	0.841155	12198.119141
3778.381078	0.090601	0.841155	12286.544922
3778.382020	0.090505	0.841155	12371.800781
3778.382939	0.090531	0.841155	12454.999023
3779.410620	1.453678	0.818222	616.359497
3779.411682	1.882591	0.818222	2615.671631
3779.412574	1.833911	0.818222	4251.520508
3779.413446	1.778306	0.818222	5802.203125
3779.414453	1.718284	0.818222	7532.514648
3779.415369	1.664308	0.818222	9057.020508
3779.416295	1.613690	0.818222	10551.297852
3779.417178	1.107103	0.818222	11528.870117
3779.418239	0.092281	0.818222	11626.781250
3779.419132	0.090461	0.818222	11707.563477
3779.419993	0.090593	0.818222	11785.564453
3779.421094	0.090608	0.818222	11885.324219
3779.422010	0.090527	0.818222	11968.247070
3779.422888	0.090480	0.818222	12047.688477
3779.423891	0.090659	0.818222	12138.620117
3779.424890	0.090549	0.818222	12229.079102
3779.425772	0.090568	0.818222	12308.959961
3779.426628	0.090560	0.818222	12386.479492
3780.457005	1.494789	0.843448	808.680725
3780.458034	1.879548	0.843448	2742.736084
3780.458928	1.828473	0.843448	4377.390625
3780.459793	1.772362	0.843448	5910.483887
3780.460858	1.709934	0.843448	7731.563477
3780.461792	1.656885	0.843448	9279.093750
3780.462674	1.608065	0.843448	10697.407227
3780.463651	0.849609	0.843448	11527.475586
3780.464676	0.090696	0.843448	11620.438477
3780.465557	0.090476	0.843448	11700.147461
3780.466486	0.090524	0.843448	11784.244141
3780.467568	0.090564	0.843448	11882.234375
3780.468483	0.090516	0.843448	11965.056641
3780.469348	0.090516	0.843448	12043.353516
3780.470394	0.090560	0.843448	12138.080078
3780.471405	0.090553	0.843448	12229.628906
3780.472296	0.090520	0.843448	12310.282227
3780.473268	0.090593	0.843448	12398.338867
3781.501893	1.458589	0.840543	625.734619
3781.502758	1.886374	0.840543	2257.448486
3781.503864	1.832256	0.840543	4283.923340
3781.504854	1.770300	0.840543	6036.520508
3781.505719	1.717478	0.840543	7522.139160
3781.506829	1.655024	0.840543	9359.216797
3781.507860	1.598412	0.840543	11007.179687
3781.508762	0.631168	0.840543	11576.493164
3781.509717	0.090641	0.840543	11663.055664
3781.510752	0.090546	0.840543	11756.770508
3781.511694	0.090447	0.840543	11841.971680
3781.512556	0.090520	0.840543	11920.000000
3781.513612	0.090582	0.840543	12015.655273
3781.514623	0.090432	0.840543	12107.082031
3781.515500	0.090476	0.840543	12186.429687
3781.516475	0.090450	0.840543	12274.619141
3781.517518	0.090535	0.840543	12369.046875
3781.518421	0.090487	0.840543	12450.756836
3782.548671	1.444376	0.835584	612.415466
3782.549620	1.884829	0.835584	2401.118408
3782.550676	1.830978	0.835584	4334.630859
3782.551605	1.771860	0.835584	5980.688965
3782.552468	1.718661	0.835584	7463.893555
3782.553539	1.659232	0.835584	9240.931641
3782.554557	1.602737	0.835584	10872.517578
3782.555444	0.809359	0.835584	11590.418945
3782.556427	0.091611	0.835584	11680.472656
3782.557471	0.090366	0.835584	11774.815430
3782.558368	0.090450	0.835584	11855.949219
3782.559240	0.090392	0.835584	11934.770508
3782.560311	0.090516	0.835584	12031.713867
3782.561310	0.090425	0.835584	12122.047852
3782.562200	0.090447	0.835584	12202.545898
3782.563188	0.090557	0.835584	12292.015625
3782.564238	0.090458	0.835584	12386.996094
3782.565146	0.090406	0.835584	12469.084961
3783.593230	1.468293	0.809021	750.297913
3783.594301	1.879530	0.809021	2763.274414
3783.595184	1.828198	0.809021	4377.573242
3783.596052	1.772780	0.809021	5916.345703
3783.597095	1.710282	0.809021	7700.169922
3783.598053	1.656178	0.809021	9286.788086
3783.598936	1.607479	0.809021	10706.192383
3783.599870	0.888772	0.809021	11536.305664
3783.600931	0.090546	0.809021	11632.375000
3783.601825	0.090487	0.809021	11713.270508
3783.602723	0.090472	0.809021	11794.514648
3783.603791	0.090520	0.809021	11891.190430
3783.604748	0.090516	0.809021	11977.814453
3783.605613	0.090399	0.809021	12056.009766
3783.606652	0.090593	0.809021	12150.135742
3783.607664	0.090421	0.809021	12241.641602
3783.608548	0.090396	0.809021	12321.550781
3783.609483	0.090538	0.809021	12406.204102
3784.641226	1.445024	0.843363	632.920715
3784.642086	1.887546	0.843363	2256.210693
3784.643095	1.838218	0.843363	4110.972656
3784.644144	1.772245	0.843363	5970.057617
3784.645035	1.717764	0.843363	7500.584961
3784.645967	1.664322	0.843363	9051.733398
3784.647048	1.605055	0.843363	10786.797852
3784.648004	0.775290	0.843363	11527.975586
3784.648868	0.091154	0.843363	11606.732422
3784.649917	0.090604	0.843363	11701.776367
3784.650935	0.090454	0.843363	11793.858398
3784.651829	0.090396	0.843363	11874.671875
3784.652779	0.090553	0.843363	11960.697266
3784.653829	0.090535	0.843363	12055.758789
3784.654764	0.090439	0.843363	12140.319336
3784.655625	0.090524	0.843363	12218.259766
3784.656688	0.090575	0.843363	12314.541016
3784.657683	0.090458	0.843363	12404.546875
3785.682108	1.441095	0.819681	615.347534
3785.683170	1.882009	0.819681	2614.041504
3785.684196	1.825697	0.819681	4487.206543
3785.685075	1.769257	0.819681	6042.382812
3785.686057	1.711073	0.819681	7722.656250
3785.687125	1.650388	0.819681	9485.270508
3785.688046	1.599902	0.819681	10958.780273
3785.688920	0.726764	0.819681	11593.971680
3785.690003	0.090425	0.819681	11691.901367
3785.690992	0.090377	0.819681	11781.284180
3785.691885	0.090410	0.819681	11862.020508
3785.692865	0.090542	0.819681	11950.751953
3785.693917	0.090498	0.819681	12045.956055
3785.694826	0.090432	0.819681	12128.159180
3785.695686	0.090483	0.819681	12205.974609
3785.696790	0.090615	0.819681	12306.013672
3785.697766	0.090454	0.819681	12394.296875
3785.698631	0.090461	0.819681	12472.545898
3786.735302	1.443706	0.814996	629.455872
3786.736167	1.887261	0.814996	2261.936523
3786.737242	1.835969	0.814996	4235.603516
3786.738125	1.777386	0.814996	5805.035645
3786.739009	1.724004	0.814996	7329.055176
3786.739905	1.670698	0.814996	8826.000977
3786.740934	1.614203	0.814996	10487.015625
3786.741874	1.127706	0.814996	11547.059570
3786.742739	0.100466	0.814996	11633.962891
3786.743835	0.090447	0.814996	11733.092773
3786.744733	0.090498	0.814996	11814.360352
3786.745601	0.090487	0.814996	11892.903320
3786.746695	0.090593	0.814996	11992.012695
3786.747676	0.090461	0.814996	12080.754883
3786.748556	0.090472	0.814996	12160.371094
3786.749435	0.090498	0.814996	12239.918945
3786.750544	0.090582	0.814996	12340.375000
3786.751432	0.090432	0.814996	12420.678711
3787.770397	1.537240	0.857506	790.141357
3787.771295	1.885082	0.857506	2482.944824
3787.772159	1.837258	0.857506	4070.335937
3787.773270	1.769714	0.857506	6036.488281
3787.774243	1.711421	0.857506	7701.700684
3787.775106	1.662092	0.857506	9136.085937
3787.776173	1.604487	0.857506	10848.074219
3787.777208	0.615300	0.857506	11484.910156
3787.778090	0.090443	0.857506	11564.680664
3787.779030	0.090560	0.857506	11649.807617
3787.780109	0.090623	0.857506	11747.589844
3787.781042	0.090461	0.857506	11831.990234
3787.781901	0.090549	0.857506	11909.772461
3787.782927	0.090597	0.857506	12002.724609
3787.783952	0.090571	0.857506	12095.560547
3787.784841	0.090527	0.857506	12176.039062
3787.785795	0.090568	0.857506	12262.440430
3787.786834	0.090586	0.857506	12356.559570
3788.829117	1.442307	0.817948	615.865112
3788.830124	1.883540	0.817948	2512.589844
3788.831042	1.835673	0.817948	4197.737305
3788.831912	1.780455	0.817948	5746.733398
3788.832880	1.722037	0.817948	7413.665527
3788.833901	1.663107	0.817948	9111.697266
3788.834796	1.613840	0.817948	10556.083984
3788.835662	1.144017	0.817948	11546.802734
3788.836743	0.093486	0.817948	11647.861328
3788.837676	0.090538	0.817948	11732.333984
3788.838556	0.090425	0.817948	11811.908203
3788.839524	0.090612	0.817948	11899.620117
3788.840548	0.090476	0.817948	11992.267578
3788.841440	0.090476	0.817948	12072.972656
3788.842302	0.090557	0.817948	12151.032227
3788.843375	0.090546	0.817948	12248.187500
3788.844301	0.090483	0.817948	12331.975586
3788.845162	0.090546	0.817948	12409.935547
3789.858834	1.469396	0.853402	750.861206
3789.859899	1.878732	0.853402	2751.710449
3789.860844	1.824822	0.853402	4476.166992
3789.861706	1.769355	0.853402	6001.351562
3789.862762	1.706492	0.853402	7803.406738
3789.863783	1.648748	0.853402	9486.778320
3789.864687	1.601840	0.853402	10934.841797
3789.865672	0.620189	0.853402	11545.728516
3789.866720	0.090366	0.853402	11640.432617
3789.867638	0.090381	0.853402	11723.402344
3789.868505	0.090454	0.853402	11801.826172
3789.869583	0.090590	0.853402	11899.481445
3789.870571	0.090417	0.853402	11988.813477
3789.871462	0.090476	0.853402	12069.427734
3789.872453	0.090546	0.853402	12159.158203
3789.873506	0.090564	0.853402	12254.522461
3789.874414	0.090385	0.853402	12336.591797
3789.875278	0.090483	0.853402	12414.769531
3790.922425	1.436667	0.791946	607.710327
3790.923458	1.883683	0.791946	2553.554687
3790.924355	1.835372	0.791946	4199.883789
3790.925230	1.779705	0.791946	5757.125000
3790.926115	1.724147	0.791946	7282.995117
3790.927168	1.665542	0.791946	9036.810547
3790.928059	1.615994	0.791946	10476.661133
3790.928934	1.244399	0.791946	11565.510742
3790.929953	0.106963	0.791946	11674.505859
3790.930844	0.090330	0.791946	11754.989258
3790.931756	0.090428	0.791946	11837.459961
3790.932632	0.090527	0.791946	11916.761719
3790.933657	0.090498	0.791946	12009.522461
3790.934558	0.090443	0.791946	12091.011719
3790.935422	0.090476	0.791946	12169.182617
3790.936484	0.090480	0.791946	12265.272461
3790.937428	0.090414	0.791946	12350.623047
3790.938307	0.090458	0.791946	12430.135742
3791.948221	1.446332	0.846565	616.137329
3791.949296	1.881032	0.846565	2638.246094
3791.950308	1.824503	0.846565	4484.643555
3791.951210	1.767967	0.846565	6079.350098
3791.952193	1.709766	0.846565	7760.049805
3791.953245	1.650110	0.846565	9495.965820
3791.954162	1.600133	0.846565	10963.288086
3791.955034	0.720597	0.846565	11591.648437
3791.956135	0.090428	0.846565	11691.209961
3791.957121	0.090498	0.846565	11780.441406
3791.957988	0.090520	0.846565	11858.921875
3791.959061	0.090634	0.846565	11956.171875
3791.960095	0.090531	0.846565	12049.781250
3791.960989	0.090498	0.846565	12130.686523
3791.961916	0.090491	0.846565	12214.571289
3791.962982	0.090542	0.846565	12311.088867
3791.963932	0.090483	0.846565	12397.047852
3791.964795	0.090549	0.846565	12475.192383
3793.015737	1.442930	0.771115	608.916382
3793.016818	1.882104	0.771115	2643.471191
3793.017701	1.833241	0.771115	4262.223145
3793.018573	1.777844	0.771115	5812.503418
3793.019559	1.719459	0.771115	7507.890137
3793.020495	1.664637	0.771115	9065.991211
3793.021375	1.617938	0.771115	10489.776367
3793.022316	1.082249	0.771115	11508.171875
3793.023360	0.093124	0.771115	11605.393555
3793.024261	0.090403	0.771115	11686.846680
3793.025123	0.090516	0.771115	11764.872070
3793.026182	0.090593	0.771115	11860.810547
3793.027148	0.090494	0.771115	11948.228516
3793.028032	0.090461	0.771115	12028.196289
3793.028961	0.090560	0.771115	12112.327148
3793.030003	0.090520	0.771115	12206.649414
3793.030881	0.090513	0.771115	12286.119141
3793.031742	0.090502	0.771115	12364.041016
3794.038715	1.440513	0.861132	609.336853
3794.039748	1.883130	0.861132	2554.609863
3794.040649	1.834127	0.861132	4207.158691
3794.041578	1.776266	0.861132	5857.309570
3794.042443	1.721001	0.861132	7345.975586
3794.043501	1.663272	0.861132	9105.716797
3794.044390	1.616074	0.861132	10542.406250
3794.045264	1.169960	0.861132	11564.951172
3794.046275	0.101532	0.861132	11667.599609
3794.047199	0.090443	0.861132	11751.168945
3794.048112	0.090428	0.861132	11833.730469
3794.048986	0.090483	0.861132	11912.812500
3794.050025	0.090487	0.861132	12006.828125
3794.050916	0.090513	0.861132	12087.474609
3794.051776	0.090494	0.861132	12165.299805
3794.052841	0.090612	0.861132	12261.800781
3794.053774	0.090480	0.861132	12346.218750
3794.054651	0.090480	0.861132	12425.569336
3795.107261	1.438282	0.776457	606.955200
3795.108157	1.885031	0.776457	2295.942383
3795.109257	1.830652	0.776457	4309.659180
3795.110221	1.770040	0.776457	6015.978027
3795.111095	1.717214	0.776457	7516.823242
3795.112130	1.658386	0.776457	9233.252930
3795.113171	1.603173	0.776457	10902.155273
3795.114075	0.736857	0.776457	11568.273437
3795.115021	0.091187	0.776457	11654.536133
3795.116094	0.090491	0.776457	11751.632812
3795.117031	0.090421	0.776457	11836.357422
3795.117890	0.090520	0.776457	11914.114258
3795.118970	0.090538	0.776457	12011.895508
3795.119966	0.090538	0.776457	12102.071289
3795.120859	0.090538	0.776457	12182.921875
3795.121825	0.090626	0.776457	12270.466797
3795.122864	0.090579	0.776457	12364.578125
3795.123774	0.090443	0.776457	12446.881836
