time (s)	coil I (A)	last det (V)	int current (uC)
3373.989370	1.529832	0.878228	706.782166
3373.990287	1.884913	0.878228	2435.247559
3373.991166	1.837551	0.878228	4050.455078
3373.992212	1.772259	0.878228	5904.238281
3373.993163	1.715629	0.878228	7535.801270
3373.994036	1.665117	0.878228	8989.448242
3373.995104	1.607186	0.878228	10705.922852
3373.996030	0.930927	0.878228	11567.960937
3373.996896	0.093003	0.878228	11648.501953
3373.997961	0.090579	0.878228	11744.967773
3373.998924	0.090505	0.878228	11832.124023
3373.999810	0.090436	0.878228	11912.250000
3374.000667	0.090560	0.878228	11989.860352
3374.001776	0.090469	0.878228	12090.190430
3374.002663	0.090436	0.878228	12170.407227
3374.003535	0.090461	0.878228	12249.290039
3374.004548	0.090593	0.878228	12341.060547
3374.005542	0.090524	0.878228	12431.041016
3375.002319	1.454026	0.955415	641.225403
3375.003182	1.885953	0.955415	2268.803223
3375.004233	1.835109	0.955415	4197.502441
3375.005248	1.770483	0.955415	5994.542969
3375.006122	1.716661	0.955415	7494.905273
3375.007086	1.661766	0.955415	9096.847656
3375.008135	1.603337	0.955415	10778.749023
3375.009073	0.809509	0.955415	11538.068359
3375.009935	0.091556	0.955415	11616.990234
3375.011019	0.090498	0.955415	11715.089844
3375.012005	0.090491	0.955415	11804.313477
3375.012902	0.090417	0.955415	11885.417969
3375.013876	0.090520	0.955415	11973.583984
3375.014930	0.090564	0.955415	12069.038086
3375.015839	0.090374	0.955415	12151.187500
3375.016702	0.090447	0.955415	12229.243164
3375.017802	0.090604	0.955415	12328.908203
3375.018776	0.090472	0.955415	12417.028320
3376.080911	1.515831	0.830799	770.042297
3376.081909	1.881464	0.830799	2647.742920
3376.082809	1.831549	0.830799	4296.137207
3376.083791	1.769564	0.830799	6033.849121
3376.084847	1.706023	0.830799	7835.409180
3376.085761	1.653171	0.830799	9346.408203
3376.086625	1.603733	0.830799	10732.033203
3376.087730	0.620929	0.830799	11418.160156
3376.088703	0.090216	0.830799	11505.940430
3376.089565	0.090381	0.830799	11583.848633
3376.090590	0.090498	0.830799	11676.609375
3376.091642	0.090450	0.830799	11771.763672
3376.092530	0.090377	0.830799	11852.018555
3376.093405	0.090480	0.830799	11931.188477
3376.094488	0.090465	0.830799	12029.162109
3376.095446	0.090406	0.830799	12115.771484
3376.096302	0.090439	0.830799	12193.187500
3376.097340	0.090524	0.830799	12287.151367
3377.094910	1.501135	0.907462	732.554016
3377.095790	1.886539	0.907462	2392.708496
3377.096722	1.838566	0.907462	4106.251953
3377.097811	1.768945	0.907462	6032.633301
3377.098769	1.711457	0.907462	7672.209473
3377.099641	1.660573	0.907462	9120.228516
3377.100701	1.602997	0.907462	10819.405273
3377.101724	0.626338	0.907462	11460.148437
3377.102617	0.090363	0.907462	11540.841797
3377.103588	0.090509	0.907462	11628.725586
3377.104623	0.090480	0.907462	11722.372070
3377.105549	0.090377	0.907462	11806.061523
3377.106410	0.090392	0.907462	11883.888672
3377.107476	0.090476	0.907462	11980.335937
3377.108458	0.090421	0.907462	12069.129883
3377.109350	0.090352	0.907462	12149.723633
3377.110353	0.090564	0.907462	12240.559570
3377.111389	0.090388	0.907462	12334.202148
3378.173115	1.454722	0.891054	618.256714
3378.174223	1.881138	0.891054	2702.557129
3378.175193	1.826799	0.891054	4474.552734
3378.176101	1.768455	0.891054	6080.309570
3378.176989	1.715098	0.891054	7603.316406
3378.178029	1.655819	0.891054	9325.368164
3378.178932	1.605509	0.891054	10775.142578
3378.179821	0.922603	0.891054	11595.335937
3378.180685	0.093083	0.891054	11675.759766
3378.181745	0.090443	0.891054	11771.629883
3378.182643	0.090414	0.891054	11852.821289
3378.183520	0.090425	0.891054	11932.124023
3378.184527	0.090469	0.891054	12023.225586
3378.185448	0.090425	0.891054	12106.506836
3378.186374	0.090374	0.891054	12190.192383
3378.187238	0.090439	0.891054	12268.332031
3378.188274	0.090396	0.891054	12361.981445
3378.189151	0.090399	0.891054	12441.261719
3379.185111	1.464349	0.955387	647.242432
3379.185975	1.886078	0.955387	2276.813477
3379.187018	1.834717	0.955387	4190.422852
3379.188052	1.769425	0.955387	6020.008301
3379.188937	1.715208	0.955387	7537.966797
3379.189867	1.661188	0.955387	9082.871094
3379.190933	1.602821	0.955387	10791.478516
3379.191884	0.777330	0.955387	11530.719727
3379.192745	0.091179	0.955387	11609.224609
3379.193779	0.090535	0.955387	11702.837891
3379.194799	0.090385	0.955387	11795.030273
3379.195697	0.090461	0.955387	11876.264648
3379.196663	0.090557	0.955387	11963.742187
3379.197716	0.090480	0.955387	12059.017578
3379.198644	0.090498	0.955387	12143.000000
3379.199509	0.090450	0.955387	12221.239258
3379.200581	0.090538	0.955387	12318.295898
3379.201577	0.090428	0.955387	12408.362305
3380.263193	1.475925	0.863198	766.005249
3380.264251	1.878292	0.863198	2753.238281
3380.265182	1.825159	0.863198	4452.460937
3380.266043	1.769198	0.863198	5975.740234
3380.267123	1.705865	0.863198	7818.074707
3380.268141	1.646953	0.863198	9494.672852
3380.269019	1.598738	0.863198	10898.364258
3380.269999	0.640137	0.863198	11525.698242
3380.271064	0.090363	0.863198	11621.934570
3380.271968	0.090341	0.863198	11703.602539
3380.272839	0.090513	0.863198	11782.439453
3380.273933	0.090538	0.863198	11881.488281
3380.274913	0.090385	0.863198	11970.065430
3380.275809	0.090487	0.863198	12051.141602
3380.276802	0.090487	0.863198	12140.995117
3380.277849	0.090524	0.863198	12235.773437
3380.278738	0.090425	0.863198	12316.161133
3380.279604	0.090513	0.863198	12394.544922
3381.276860	1.433437	0.949062	609.210937
3381.277862	1.883518	0.949062	2496.496094
3381.278738	1.838463	0.949062	4106.989746
3381.279618	1.781979	0.949062	5675.130859
3381.280504	1.725619	0.949062	7204.029297
3381.281532	1.668076	0.949062	8918.811523
3381.282458	1.617004	0.949062	10416.157227
3381.283339	1.279713	0.949062	11543.583984
3381.284433	0.097280	0.949062	11650.008789
3381.285329	0.090410	0.949062	11731.016602
3381.286209	0.090520	0.949062	11810.673828
3381.287065	0.090436	0.949062	11888.086914
3381.288114	0.090443	0.949062	11982.961914
3381.288992	0.090454	0.949062	12062.380859
3381.289857	0.090403	0.949062	12140.579102
3381.290851	0.090483	0.949062	12230.519531
3381.291770	0.090469	0.949062	12313.660156
3381.292691	0.090417	0.949062	12396.934570
3382.356232	1.469414	0.861893	734.706970
3382.357274	1.880233	0.861893	2693.909912
3382.358220	1.827129	0.861893	4422.374023
3382.359148	1.768762	0.861893	6063.785156
3382.360012	1.714973	0.861893	7545.521973
3382.361061	1.656460	0.861893	9283.148437
3382.361941	1.606307	0.861893	10696.699219
3382.362827	0.982687	0.861893	11567.359375
3382.363752	0.094673	0.861893	11654.931641
3382.364737	0.090480	0.861893	11744.053711
3382.365668	0.090454	0.861893	11828.266602
3382.366543	0.090579	0.861893	11907.522461
3382.367678	0.090571	0.861893	12010.321289
3382.368572	0.090469	0.861893	12091.200195
3382.369445	0.090491	0.861893	12170.198242
3382.370330	0.090553	0.861893	12250.337891
3382.371377	0.090432	0.861893	12345.020508
3382.372269	0.090432	0.861893	12425.685547
3383.369801	1.553481	0.930399	880.823914
3383.370856	1.878369	0.930399	2862.503418
3383.371752	1.825474	0.930399	4498.127930
3383.372616	1.767407	0.930399	6025.167969
3383.373740	1.703134	0.930399	7939.490234
3383.374704	1.647678	0.930399	9527.851562
3383.375567	1.600159	0.930399	10908.789062
3383.376579	0.593306	0.930399	11509.214844
3383.377620	0.090359	0.930399	11603.278320
3383.378511	0.090582	0.930399	11683.987305
3383.379436	0.090557	0.930399	11767.751953
3383.380498	0.090546	0.930399	11863.911133
3383.381456	0.090374	0.930399	11950.489258
3383.382321	0.090498	0.930399	12028.770508
3383.383356	0.090586	0.930399	12122.527344
3383.384381	0.090538	0.930399	12215.329102
3383.385278	0.090403	0.930399	12296.420898
3383.386219	0.090535	0.930399	12381.614258
3384.447004	1.486241	0.905383	775.818054
3384.447971	1.883800	0.905383	2597.452637
3384.448852	1.835350	0.905383	4214.396484
3384.449770	1.775109	0.905383	5843.946289
3384.450874	1.710447	0.905383	7732.279297
3384.451753	1.658243	0.905383	9189.875000
3384.452624	1.609947	0.905383	10592.139648
3384.453673	0.818448	0.905383	11450.692383
3384.454632	0.090699	0.905383	11537.672852
3384.455506	0.090425	0.905383	11616.704102
3384.456415	0.090531	0.905383	11698.997070
3384.457481	0.090491	0.905383	11795.459961
3384.458370	0.090538	0.905383	11875.948242
3384.459234	0.090560	0.905383	11954.192383
3384.460264	0.090630	0.905383	12047.541016
3384.461229	0.090425	0.905383	12134.800781
3384.462108	0.090491	0.905383	12214.341797
3384.462976	0.090546	0.905383	12292.935547
3385.460963	1.488274	0.990582	678.652893
3385.461845	1.888132	0.990582	2343.985596
3385.462840	1.839320	0.990582	4174.108887
3385.463892	1.772014	0.990582	6038.267578
3385.464801	1.715830	0.990582	7597.957031
3385.465664	1.663506	0.990582	9033.562500
3385.466771	1.605194	0.990582	10810.512695
3385.467763	0.703861	0.990582	11508.743164
3385.468642	0.090714	0.990582	11588.480469
3385.469656	0.090480	0.990582	11680.226562
3385.470690	0.090505	0.990582	11773.809570
3385.471560	0.090439	0.990582	11852.492187
3385.472431	0.090480	0.990582	11931.299805
3385.473314	0.090571	0.990582	12011.274414
3385.474366	0.090513	0.990582	12106.494141
3385.475265	0.090498	0.990582	12187.851562
3385.476143	0.090458	0.990582	12267.273437
3385.477123	0.090531	0.990582	12355.994141
3386.538426	1.435807	0.868206	605.910522
3386.539414	1.884921	0.868206	2468.211914
3386.540480	1.829634	0.868206	4418.601562
3386.541391	1.771117	0.868206	6032.088867
3386.542259	1.715544	0.868206	7521.181641
3386.543393	1.652527	0.868206	9395.147461
3386.544374	1.599525	0.868206	10964.281250
3386.545247	0.728906	0.868206	11600.616211
3386.546267	0.090608	0.868206	11693.036133
3386.547305	0.090406	0.868206	11786.877930
3386.548195	0.090410	0.868206	11867.342773
3386.549093	0.090524	0.868206	11948.632812
3386.550186	0.090498	0.868206	12047.546875
3386.551138	0.090425	0.868206	12133.630859
3386.551997	0.090487	0.868206	12211.359375
3386.553053	0.090531	0.868206	12306.959961
3386.554070	0.090483	0.868206	12398.981445
3386.554957	0.090454	0.868206	12479.213867
3387.552542	1.491771	0.934778	784.671753
3387.553593	1.881013	0.934778	2761.616699
3387.554522	1.828037	0.934778	4459.863281
3387.555384	1.771458	0.934778	5986.859863
3387.556469	1.707308	0.934778	7839.289062
3387.557473	1.649282	0.934778	9495.167969
3387.558358	1.601334	0.934778	10912.348633
3387.559377	0.601322	0.934778	11525.095703
3387.560429	0.090406	0.934778	11620.203125
3387.561325	0.090370	0.934778	11701.174805
3387.562185	0.090557	0.934778	11779.053711
3387.563279	0.090564	0.934778	11878.130859
3387.564253	0.090491	0.934778	11966.268555
3387.565118	0.090436	0.934778	12044.495117
3387.566164	0.090590	0.934778	12139.251953
3387.567207	0.090542	0.934778	12233.687500
3387.568103	0.090546	0.934778	12314.816406
3387.569030	0.090494	0.934778	12398.705078
3388.629943	1.441912	0.913641	607.044800
3388.630927	1.887561	0.913641	2464.404785
3388.631853	1.839371	0.913641	4167.662598
3388.632724	1.782898	0.913641	5720.566406
3388.633764	1.719998	0.913641	7509.363770
3388.634652	1.667974	0.913641	8990.524414
3388.635533	1.619282	0.913641	10417.112305
3388.636452	1.138909	0.913641	11463.769531
3388.637456	0.096354	0.913641	11560.508789
3388.638377	0.090370	0.913641	11643.739258
3388.639254	0.090406	0.913641	11723.025391
3388.640291	0.090593	0.913641	11816.970703
3388.641202	0.090439	0.913641	11899.361328
3388.642127	0.090487	0.913641	11983.061523
3388.642992	0.090494	0.913641	12061.338867
3388.644039	0.090417	0.913641	12156.005859
3388.644929	0.090439	0.913641	12236.497070
3388.645807	0.090436	0.913641	12315.899414
3389.645496	1.438070	0.987798	603.989441
3389.646560	1.884100	0.987798	2608.672363
3389.647507	1.832600	0.987798	4344.144531
3389.648374	1.776178	0.987798	5884.090820
3389.649445	1.711751	0.987798	7717.375488
3389.650465	1.653215	0.987798	9403.655273
3389.651353	1.604509	0.987798	10828.458984
3389.652351	0.733755	0.987798	11560.746094
3389.653385	0.090370	0.987798	11654.188477
3389.654301	0.090385	0.987798	11736.980469
3389.655160	0.090410	0.987798	11814.642578
3389.656205	0.090568	0.987798	11909.286133
3389.657215	0.090414	0.987798	12000.604492
3389.658103	0.090454	0.987798	12080.927734
3389.659084	0.090538	0.987798	12169.746094
3389.660133	0.090575	0.987798	12264.758789
3389.661046	0.090447	0.987798	12347.336914
3389.661907	0.090546	0.987798	12425.296875
3390.719779	1.542034	0.897500	791.063293
3390.720715	1.886473	0.897500	2556.802246
3390.721593	1.838888	0.897500	4171.345703
3390.722539	1.778936	0.897500	5854.218750
3390.723590	1.714479	0.897500	7656.135742
3390.724477	1.662557	0.897500	9130.824219
3390.725419	1.611006	0.897500	10648.391602
3390.726499	0.767538	0.897500	11477.332031
3390.727431	0.090560	0.897500	11561.734375
3390.728288	0.090458	0.897500	11639.256836
3390.729326	0.090571	0.897500	11733.269531
3390.730338	0.090476	0.897500	11824.831055
3390.731229	0.090417	0.897500	11905.392578
3390.732197	0.090491	0.897500	11992.987305
3390.733250	0.090494	0.897500	12088.278320
3390.734169	0.090454	0.897500	12171.405273
3390.735038	0.090447	0.897500	12250.003906
3390.736113	0.090575	0.897500	12347.372070
3391.738047	1.433976	0.967387	609.439697
3391.739071	1.885133	0.967387	2539.815918
3391.740118	1.829418	0.967387	4455.216309
3391.741005	1.771677	0.967387	6026.693848
3391.741931	1.714475	0.967387	7614.297852
3391.743007	1.652670	0.967387	9392.570312
3391.743959	1.601327	0.967387	10917.033203
3391.744832	0.785497	0.967387	11602.771484
3391.745870	0.090710	0.967387	11696.928711
3391.746887	0.090417	0.967387	11788.882812
3391.747782	0.090447	0.967387	11869.833008
3391.748748	0.090476	0.967387	11957.232422
3391.749800	0.090524	0.967387	12052.462891
3391.750735	0.090458	0.967387	12137.041016
3391.751657	0.090469	0.967387	12220.453125
3391.752523	0.090524	0.967387	12298.846680
3391.753567	0.090392	0.967387	12393.215820
3391.754450	0.090396	0.967387	12473.035156
3392.809996	1.513407	0.898640	744.596252
3392.810879	1.888250	0.898640	2411.920654
3392.811761	1.843352	0.898640	4037.757324
3392.812685	1.783462	0.898640	5685.676270
3392.813686	1.722246	0.898640	7409.644531
3392.814580	1.670167	0.898640	8902.774414
3392.815447	1.619681	0.898640	10307.038086
3392.816574	1.010570	0.898640	11445.950195
3392.817467	0.094482	0.898640	11530.323242
3392.818328	0.090344	0.898640	11608.109375
3392.819401	0.090557	0.898640	11705.276367
3392.820368	0.090439	0.898640	11792.731445
3392.821297	0.090546	0.898640	11876.848633
3392.822160	0.090487	0.898640	11954.939453
3392.823265	0.090502	0.898640	12054.943359
3392.824145	0.090421	0.898640	12134.513672
3392.825001	0.090414	0.898640	12211.908203
3392.826076	0.090630	0.898640	12309.334961
3393.831108	1.442183	0.954597	612.927612
3393.832111	1.885177	0.954597	2503.760254
3393.833165	1.830776	0.954597	4433.398437
3393.834053	1.772600	0.954597	6007.467285
3393.834927	1.716888	0.954597	7508.027832
3393.836029	1.655654	0.954597	9332.558594
3393.836987	1.603037	0.954597	10868.268555
3393.837920	0.773112	0.954597	11589.582031
3393.838776	0.091051	0.954597	11667.521484
3393.839835	0.090370	0.954597	11763.223633
3393.840732	0.090363	0.954597	11844.279297
3393.841609	0.090406	0.954597	11923.565430
3393.842488	0.090421	0.954597	12003.045898
3393.843536	0.090278	0.954597	12097.657227
3393.844427	0.090443	0.954597	12178.242187
3393.845302	0.090454	0.954597	12257.389648
3393.846306	0.090502	0.954597	12348.252930
3393.847239	0.090330	0.954597	12432.530273
3394.902309	1.537295	0.926854	793.244202
3394.903327	1.882943	0.926854	2710.080322
3394.904210	1.833040	0.926854	4328.654297
3394.905192	1.771454	0.926854	6068.221680
3394.906258	1.706609	0.926854	7887.466797
3394.907166	1.653794	0.926854	9389.111328
3394.908028	1.604579	0.926854	10772.257812
3394.909136	0.606892	0.926854	11444.694336
3394.910131	0.090183	0.926854	11534.426758
3394.911004	0.090311	0.926854	11613.268555
3394.911988	0.090542	0.926854	11702.362305
3394.913047	0.090498	0.926854	11798.200195
3394.913945	0.090417	0.926854	11879.395508
3394.914814	0.090417	0.926854	11957.968750
3394.915925	0.090439	0.926854	12058.447266
3394.916894	0.090374	0.926854	12146.019531
3394.917763	0.090465	0.926854	12224.633789
3394.918779	0.090601	0.926854	12316.683594
3395.923654	1.454253	0.991215	634.054260
3395.924527	1.888634	0.991215	2282.831787
3395.925615	1.834288	0.991215	4278.537109
3395.926615	1.770132	0.991215	6048.668945
3395.927513	1.715933	0.991215	7589.576172
3395.928504	1.659100	0.991215	9233.744141
3395.929568	1.601162	0.991215	10937.380859
3395.930484	0.689777	0.991215	11569.215820
3395.931344	0.090663	0.991215	11647.185547
3395.932454	0.090538	0.991215	11747.682617
3395.933422	0.090406	0.991215	11835.196289
3395.934284	0.090403	0.991215	11913.123047
3395.935360	0.090502	0.991215	12010.502930
3395.936398	0.090421	0.991215	12104.360352
3395.937298	0.090359	0.991215	12185.683594
3395.938211	0.090428	0.991215	12268.245117
3395.939266	0.090447	0.991215	12363.666016
3395.940199	0.090399	0.991215	12448.008789
3396.991505	1.479598	0.908332	754.595215
3396.992572	1.880885	0.908332	2761.499512
3396.993515	1.826931	0.908332	4484.295410
3396.994383	1.770143	0.908332	6020.779297
3396.995480	1.705166	0.908332	7891.346680
3396.996494	1.646558	0.908332	9560.956055
3396.997398	1.598104	0.908332	11005.642578
3396.998402	0.544841	0.908332	11552.663086
3396.999435	0.090381	0.908332	11646.026367
3397.000338	0.090381	0.908332	11727.640625
3397.001197	0.090439	0.908332	11805.328125
3397.002301	0.090516	0.908332	11905.257812
3397.003275	0.090355	0.908332	11993.263672
3397.004143	0.090414	0.908332	12071.743164
3397.005156	0.090505	0.908332	12163.424805
3397.006207	0.090432	0.908332	12258.468750
3397.007089	0.090432	0.908332	12338.229492
3397.007969	0.090480	0.908332	12417.851562
3398.017216	1.444178	0.965598	613.775818
3398.018189	1.886147	0.965598	2448.997314
3398.019240	1.831729	0.965598	4374.144043
3398.020162	1.772534	0.965598	6008.420898
3398.021027	1.717892	0.965598	7494.397461
3398.022114	1.656929	0.965598	9295.478516
3398.023100	1.602711	0.965598	10875.751953
3398.023988	0.808568	0.965598	11593.760742
3398.024998	0.091421	0.965598	11686.095703
3398.026034	0.090432	0.965598	11779.783203
3398.026933	0.090315	0.965598	11860.976562
3398.027790	0.090425	0.965598	11938.470703
3398.028887	0.090568	0.965598	12037.823242
3398.029851	0.090370	0.965598	12124.939453
3398.030717	0.090403	0.965598	12203.228516
3398.031781	0.090414	0.965598	12299.428711
3398.032819	0.090417	0.965598	12393.282227
3398.033709	0.090355	0.965598	12473.698242
3399.081207	1.460032	0.925537	709.575439
3399.082265	1.882185	0.925537	2700.927246
3399.083214	1.828879	0.925537	4436.533691
3399.084082	1.772816	0.925537	5975.337891
3399.085137	1.709601	0.925537	7778.966797
3399.086161	1.650795	0.925537	9469.380859
3399.087044	1.602502	0.925537	10884.390625
3399.088017	0.712255	0.925537	11577.414062
3399.089068	0.090289	0.925537	11672.308594
3399.089988	0.090366	0.925537	11755.445312
3399.090844	0.090443	0.925537	11832.864258
3399.091890	0.090575	0.925537	11927.605469
3399.092896	0.090396	0.925537	12018.542969
3399.093785	0.090469	0.925537	12098.969727
3399.094755	0.090465	0.925537	12186.720703
3399.095799	0.090417	0.925537	12281.116211
3399.096717	0.090414	0.925537	12364.116211
3399.097642	0.090381	0.925537	12447.718750
3400.109540	1.506156	0.966642	688.313293
3400.110426	1.888883	0.966642	2361.863770
3400.111290	1.844341	0.966642	3955.374268
3400.112388	1.776595	0.966642	5906.076172
3400.113314	1.719946	0.966642	7498.746582
3400.114182	1.667838	0.966642	8946.429687
3400.115278	1.609050	0.966642	10709.949219
3400.116275	0.801412	0.966642	11508.957031
3400.117174	0.091124	0.966642	11590.877930
3400.118187	0.090527	0.966642	11682.582031
3400.119233	0.090513	0.966642	11777.258789
3400.120112	0.090410	0.966642	11856.729492
3400.121000	0.090553	0.966642	11937.140625
3400.122090	0.090516	0.966642	12035.803711
3400.123037	0.090377	0.966642	12121.390625
3400.123899	0.090436	0.966642	12199.346680
3400.124931	0.090549	0.966642	12292.793945
3400.125958	0.090381	0.966642	12385.615234
3401.171511	1.561985	0.942609	835.661926
3401.172559	1.880482	0.942609	2806.407227
3401.173464	1.828312	0.942609	4461.029297
3401.174422	1.768070	0.942609	6154.840332
3401.175486	1.703394	0.942609	7967.250977
3401.176426	1.649604	0.942609	9517.878906
3401.177293	1.601294	0.942609	10906.201172
3401.178381	0.496871	0.942609	11446.796875
3401.179380	0.090260	0.942609	11536.966797
3401.180275	0.090363	0.942609	11617.840820
3401.181246	0.090465	0.942609	11705.682617
3401.182286	0.090502	0.942609	11799.804687
3401.183200	0.090392	0.942609	11882.422852
3401.184060	0.090403	0.942609	11960.168945
3401.185119	0.090535	0.942609	12056.044922
3401.186112	0.090410	0.942609	12145.822266
3401.186987	0.090297	0.942609	12224.832031
3401.187982	0.090494	0.942609	12314.874023
3402.202132	1.519113	0.987782	761.075378
3402.203054	1.886858	0.987782	2500.758301
3402.203923	1.839459	0.987782	4099.248047
3402.205022	1.771450	0.987782	6046.071777
3402.206003	1.711025	0.987782	7724.587891
3402.206890	1.660085	0.987782	9197.083984
3402.207890	1.606461	0.987782	10803.544922
3402.208949	0.627587	0.987782	11468.159180
3402.209840	0.090245	0.987782	11548.567383
3402.210697	0.090458	0.987782	11626.089844
3402.211783	0.090553	0.987782	11724.430664
3402.212740	0.090344	0.987782	11810.889648
3402.213609	0.090469	0.987782	11889.506836
3402.214606	0.090542	0.987782	11979.777344
3402.215661	0.090505	0.987782	12075.260742
3402.216551	0.090388	0.987782	12155.706055
3402.217422	0.090428	0.987782	12234.469727
3402.218523	0.090564	0.987782	12334.180664
3403.261720	1.518234	0.934512	769.744385
3403.262679	1.885455	0.934512	2577.895996
3403.263553	1.837844	0.934512	4184.171875
3403.264592	1.771377	0.934512	6024.632324
3403.265643	1.708191	0.934512	7819.940918
3403.266540	1.656006	0.934512	9305.377930
3403.267488	1.604813	0.934512	10826.741211
3403.268572	0.565928	0.934512	11440.207031
3403.269504	0.090190	0.934512	11524.264648
3403.270368	0.090439	0.934512	11602.404297
3403.271436	0.090549	0.934512	11699.111328
3403.272446	0.090461	0.934512	11790.477539
3403.273335	0.090421	0.934512	11870.862305
3403.274305	0.090513	0.934512	11958.659180
3403.275367	0.090487	0.934512	12054.756836
3403.276290	0.090417	0.934512	12138.211914
3403.277150	0.090396	0.934512	12215.952148
3403.278215	0.090447	0.934512	12312.278320
3404.295655	1.493027	0.977623	697.243774
3404.296526	1.888890	0.977623	2342.467285
3404.297492	1.840902	0.977623	4120.778320
3404.298552	1.772435	0.977623	5999.559570
3404.299490	1.715449	0.977623	7608.650879
3404.300363	1.663594	0.977623	9060.967773
3404.301437	1.605754	0.977623	10785.547852
3404.302438	0.706348	0.977623	11492.601562
3404.303335	0.090560	0.977623	11573.833984
3404.304314	0.090443	0.977623	11662.377930
3404.305356	0.090381	0.977623	11756.554687
3404.306261	0.090388	0.977623	11838.356445
3404.307121	0.090366	0.977623	11916.071289
3404.308215	0.090505	0.977623	12015.083984
3404.309177	0.090355	0.977623	12102.005859
3404.310059	0.090414	0.977623	12181.750977
3404.311071	0.090469	0.977623	12273.305664
3404.312121	0.090439	0.977623	12368.267578
3405.351185	1.508218	0.945932	755.617065
3405.352207	1.883255	0.945932	2680.303223
3405.353108	1.832578	0.945932	4331.456055
3405.354069	1.772054	0.945932	6034.400391
3405.355123	1.707678	0.945932	7834.292969
3405.356059	1.653662	0.945932	9382.121094
3405.356925	1.605414	0.945932	10772.409180
3405.358004	0.633483	0.945932	11455.936523
3405.359009	0.090198	0.945932	11546.584961
3405.359886	0.090366	0.945932	11625.835937
3405.360876	0.090557	0.945932	11715.487305
3405.361929	0.090414	0.945932	11810.693359
3405.362828	0.090348	0.945932	11891.916016
3405.363687	0.090388	0.945932	11969.559570
3405.364785	0.090483	0.945932	12068.910156
3405.365753	0.090396	0.945932	12156.413086
3405.366616	0.090403	0.945932	12234.430664
3405.367617	0.090502	0.945932	12325.022461
3406.388739	1.522445	0.947717	742.953186
3406.389630	1.887861	0.947717	2425.037598
3406.390608	1.838130	0.947717	4222.728516
3406.391666	1.769813	0.947717	6095.190918
3406.392603	1.712886	0.947717	7700.165039
3406.393466	1.661323	0.947717	9133.886719
3406.394528	1.603634	0.947717	10836.946289
3406.395541	0.634556	0.947717	11479.750977
3406.396429	0.090333	0.947717	11559.966797
3406.397414	0.090458	0.947717	11649.067383
3406.398463	0.090432	0.947717	11743.930664
3406.399378	0.090454	0.947717	11826.696289
3406.400236	0.090443	0.947717	11904.296875
3406.401340	0.090553	0.947717	12004.267578
3406.402313	0.090385	0.947717	12092.211914
3406.403195	0.090458	0.947717	12171.996094
3406.404192	0.090483	0.947717	12262.208008
3406.405257	0.090520	0.947717	12358.612305
3407.442636	1.463635	0.957236	642.535889
3407.443497	1.887898	0.957236	2268.016113
3407.444616	1.833757	0.957236	4319.990234
3407.445594	1.771498	0.957236	6052.515137
3407.446454	1.718119	0.957236	7530.097168
3407.447517	1.656793	0.957236	9291.268555
3407.448584	1.600071	0.957236	10998.543945
3407.449464	0.685162	0.957236	11601.486328
3407.450404	0.090802	0.957236	11686.839844
3407.451474	0.090505	0.957236	11783.680664
3407.452419	0.090410	0.957236	11869.118164
3407.453287	0.090443	0.957236	11947.623047
3407.454339	0.090542	0.957236	12042.873047
3407.455345	0.090483	0.957236	12133.899414
3407.456241	0.090406	0.957236	12214.903320
3407.457204	0.090557	0.957236	12302.109375
3407.458243	0.090425	0.957236	12396.060547
3407.459168	0.090443	0.957236	12479.720703
3408.480776	1.472783	0.989003	737.864380
3408.481816	1.882925	0.989003	2696.106201
3408.482700	1.832981	0.989003	4316.461426
3408.483569	1.776855	0.989003	5860.548828
3408.484628	1.713190	0.989003	7674.816406
3408.485586	1.658148	0.989003	9263.322266
3408.486452	1.610376	0.989003	10657.908203
3408.487515	0.766425	0.989003	11472.617187
3408.488549	0.090374	0.989003	11566.063477
3408.489423	0.090396	0.989003	11645.069336
3408.490387	0.090487	0.989003	11732.298828
3408.491438	0.090604	0.989003	11827.523437
3408.492360	0.090385	0.989003	11910.858398
3408.493228	0.090432	0.989003	11989.353516
3408.494274	0.090531	0.989003	12084.048828
3408.495273	0.090410	0.989003	12174.368164
3408.496166	0.090527	0.989003	12255.208984
3408.497132	0.090513	0.989003	12342.644531
3409.532362	1.464185	0.956668	639.848633
3409.533232	1.888480	0.956668	2282.826416
3409.534314	1.834464	0.956668	4267.716797
3409.535324	1.769722	0.956668	6055.135742
3409.536226	1.715874	0.956668	7602.854004
3409.537223	1.658584	0.956668	9256.461914
3409.538277	1.601697	0.956668	10944.650391
3409.539182	0.703865	0.956668	11581.648437
3409.540074	0.091007	0.956668	11662.827148
3409.541160	0.090579	0.956668	11761.195312
3409.542123	0.090381	0.956668	11848.232422
3409.542990	0.090450	0.956668	11926.653320
3409.544036	0.090535	0.956668	12021.352539
3409.545053	0.090469	0.956668	12113.359375
3409.545953	0.090480	0.956668	12194.791016
3409.546883	0.090538	0.956668	12278.991211
3409.547937	0.090590	0.956668	12374.472656
3409.548874	0.090498	0.956668	12459.269531
3410.572988	1.440377	0.958311	609.279541
3410.574051	1.884045	0.958311	2612.019775
3410.575070	1.827242	0.958311	4473.979492
3410.575966	1.770546	0.958311	6060.388672
3410.576952	1.711480	0.958311	7747.907227
3410.578023	1.649919	0.958311	9514.970703
3410.578941	1.599921	0.958311	10983.698242
3410.579810	0.713361	0.958311	11603.608398
3410.580909	0.090396	0.958311	11702.953125
3410.581895	0.090363	0.958311	11792.050781
3410.582787	0.090469	0.958311	11872.749023
3410.583776	0.090564	0.958311	11962.316406
3410.584828	0.090439	0.958311	12057.458984
3410.585710	0.090311	0.958311	12137.113281
3410.586572	0.090432	0.958311	12215.065430
3410.587655	0.090626	0.958311	12313.213867
3410.588624	0.090410	0.958311	12400.821289
3410.589487	0.090491	0.958311	12478.915039
3411.624952	1.521306	0.959298	728.705627
3411.625845	1.888063	0.959298	2414.745605
3411.626729	1.843407	0.959298	4044.317383
3411.627708	1.781682	0.959298	5788.583984
3411.628672	1.722081	0.959298	7448.670410
3411.629558	1.670427	0.959298	8928.668945
3411.630523	1.618088	0.959298	10490.124023
3411.631562	0.981599	0.959298	11510.005859
3411.632455	0.094208	0.959298	11594.133789
3411.633312	0.090461	0.959298	11671.659180
3411.634384	0.090494	0.959298	11768.668945
3411.635312	0.090385	0.959298	11852.545898
3411.636192	0.090370	0.959298	11932.071289
3411.637136	0.090582	0.959298	12017.581055
3411.638177	0.090447	0.959298	12111.736328
3411.639072	0.090414	0.959298	12192.656250
3411.639936	0.090465	0.959298	12270.818359
3411.640995	0.090472	0.959298	12366.628906
3412.663737	1.446727	0.979428	611.965637
3412.664803	1.884745	0.979428	2621.103516
3412.665703	1.835339	0.979428	4272.909180
3412.666584	1.778961	0.979428	5840.173828
3412.667555	1.720660	0.979428	7510.935059
3412.668534	1.663535	0.979428	9139.536133
3412.669426	1.614342	0.979428	10579.529297
3412.670393	0.981021	0.979428	11528.175781
3412.671437	0.091677	0.979428	11623.886719
3412.672328	0.090494	0.979428	11704.517578
3412.673185	0.090608	0.979428	11782.168945
3412.674213	0.090597	0.979428	11875.302734
3412.675162	0.090582	0.979428	11961.265625
3412.676039	0.090428	0.979428	12040.571289
3412.676963	0.090593	0.979428	12124.279297
3412.678018	0.090476	0.979428	12219.731445
3412.678912	0.090392	0.979428	12300.541992
3412.679779	0.090439	0.979428	12378.953125
3413.715398	1.451495	0.984507	624.142944
3413.716274	1.887557	0.984507	2277.643066
3413.717373	1.834556	0.984507	4293.819824
3413.718334	1.773157	0.984507	5997.823242
3413.719198	1.719998	0.984507	7483.901367
3413.720242	1.660569	0.984507	9217.535156
3413.721273	1.604506	0.984507	10871.780273
3413.722155	0.818013	0.984507	11593.267578
3413.723075	0.091000	0.984507	11676.987305
3413.723954	0.090432	0.984507	11756.477539
3413.724907	0.090491	0.984507	11842.714844
3413.725856	0.090447	0.984507	11928.548828
3413.726754	0.090414	0.984507	12009.740234
3413.727741	0.090483	0.984507	12099.046875
3413.728658	0.090399	0.984507	12181.943359
3413.729581	0.090436	0.984507	12265.416016
3413.730440	0.090487	0.984507	12343.144531
3413.731482	0.090421	0.984507	12437.363281
3414.755766	1.431940	0.989027	601.414673
3414.756660	1.887180	0.989027	2288.553711
3414.757762	1.834497	0.989027	4310.169434
3414.758661	1.776288	0.989027	5907.052246
3414.759533	1.722561	0.989027	7409.125488
3414.760582	1.662140	0.989027	9152.709961
3414.761546	1.609581	0.989027	10704.346680
3414.762437	0.992351	0.989027	11588.531250
3414.763333	0.094885	0.989027	11673.548828
3414.764421	0.090494	0.989027	11772.006836
3414.765299	0.090425	0.989027	11851.399414
3414.766163	0.090458	0.989027	11929.554687
3414.767249	0.090524	0.989027	12027.863281
3414.768208	0.090454	0.989027	12114.608398
3414.769069	0.090432	0.989027	12192.470703
3414.770130	0.090586	0.989027	12288.582031
3414.771171	0.090454	0.989027	12382.745117
3414.772040	0.090414	0.989027	12461.314453
3415.806218	1.475475	0.963886	739.212891
3415.807269	1.881841	0.963886	2717.027588
3415.808219	1.828250	0.963886	4453.864746
3415.809086	1.772443	0.963886	5990.572266
3415.810142	1.709198	0.963886	7795.485352
3415.811165	1.650648	0.963886	9484.098633
3415.812048	1.602374	0.963886	10898.995117
3415.813031	0.696885	0.963886	11584.033203
3415.814087	0.090363	0.963886	11679.456055
3415.815004	0.090443	0.963886	11762.392578
3415.815859	0.090527	0.963886	11839.793945
3415.816917	0.090538	0.963886	11935.583984
3415.817923	0.090421	0.963886	12026.547852
3415.818811	0.090502	0.963886	12106.913086
3415.819789	0.090524	0.963886	12195.445312
3415.820848	0.090505	0.963886	12291.290039
3415.821757	0.090527	0.963886	12373.579102
3415.822617	0.090524	0.963886	12451.429687
3416.847381	1.529451	0.978602	780.019836
3416.848296	1.887118	0.978602	2506.732910
3416.849160	1.839404	0.978602	4095.978271
3416.850265	1.771300	0.978602	6053.264648
3416.851243	1.711176	0.978602	7726.794434
3416.852138	1.660243	0.978602	9212.711914
3416.853143	1.606260	0.978602	10827.002930
3416.854201	0.626199	0.978602	11489.521484
3416.855081	0.090304	0.978602	11568.989258
3416.855946	0.090480	0.978602	11647.253906
3416.857040	0.090513	0.978602	11746.274414
3416.858001	0.090454	0.978602	11833.201172
3416.858859	0.090377	0.978602	11910.745117
3416.859879	0.090538	0.978602	12003.093750
3416.860948	0.090472	0.978602	12099.808594
3416.861820	0.090439	0.978602	12178.671875
3416.862752	0.090461	0.978602	12262.981445
3416.863813	0.090469	0.978602	12358.968750
3417.898946	1.453348	0.983758	624.939819
3417.900003	1.884291	0.983758	2616.635254
3417.901023	1.827935	0.983758	4481.128418
3417.901910	1.771435	0.983758	6052.391602
3417.902899	1.712399	0.983758	7745.954102
3417.903950	1.651685	0.983758	9481.875000
3417.904869	1.601894	0.983758	10954.015625
3417.905736	0.754977	0.983758	11608.580078
3417.906802	0.090505	0.983758	11705.058594
3417.907799	0.090417	0.983758	11795.205078
3417.908694	0.090502	0.983758	11876.204102
3417.909685	0.090652	0.983758	11966.040039
3417.910734	0.090542	0.983758	12061.018555
3417.911636	0.090476	0.983758	12142.627930
3417.912497	0.090568	0.983758	12220.606445
3417.913595	0.090608	0.983758	12320.093750
3417.914564	0.090381	0.983758	12407.672852
3417.915432	0.090491	0.983758	12486.218750
3418.939067	1.456161	0.994598	617.412231
3418.940187	1.882635	0.994598	2725.963867
3418.941144	1.828751	0.994598	4476.078613
3418.942016	1.772915	0.994598	6022.060547
3418.943062	1.709923	0.994598	7810.640137
3418.944103	1.650575	0.994598	9528.888672
3418.944992	1.602634	0.994598	10953.630859
3418.945937	0.711240	0.994598	11625.752930
3418.946991	0.090399	0.994598	11721.033203
3418.947927	0.090476	0.994598	11805.718750
3418.948785	0.090520	0.994598	11883.384766
3418.949846	0.090590	0.994598	11979.500000
3418.950857	0.090443	0.994598	12070.937500
3418.951726	0.090476	0.994598	12149.561523
3418.952687	0.090604	0.994598	12236.631836
3418.953742	0.090557	0.994598	12332.168945
3418.954665	0.090461	0.994598	12415.665039
3418.955531	0.090491	0.994598	12494.030273
3419.990545	1.507185	0.978348	765.650024
3419.991422	1.888315	0.978348	2421.702637
3419.992285	1.841470	0.978348	4010.891113
3419.993406	1.772706	0.978348	5998.094727
3419.994380	1.713886	0.978348	7667.418945
3419.995256	1.663308	0.978348	9124.476562
3419.996305	1.606549	0.978348	10809.746094
3419.997348	0.631512	0.978348	11468.414062
3419.998242	0.090399	0.978348	11549.230469
3419.999118	0.090498	0.978348	11628.506836
3420.000061	0.090557	0.978348	11713.901367
3420.001042	0.090491	0.978348	11802.672852
3420.001965	0.090454	0.978348	11886.162109
3420.002831	0.090487	0.978348	11964.523437
3420.003869	0.090527	0.978348	12058.491211
3420.004747	0.090487	0.978348	12137.938477
3420.005629	0.090502	0.978348	12217.760742
3420.006485	0.090571	0.978348	12295.290039
3421.029431	1.569902	0.996036	863.446289
3421.030490	1.880189	0.996036	2854.566895
3421.031388	1.827726	0.996036	4495.864746
3421.032306	1.768341	0.996036	6119.202148
3421.033391	1.703727	0.996036	7967.745605
3421.034345	1.649473	0.996036	9541.342773
3421.035218	1.602125	0.996036	10939.998047
3421.036288	0.513358	0.996036	11489.291016
3421.037308	0.090396	0.996036	11581.494141
3421.038201	0.090483	0.996036	11662.295898
3421.039148	0.090564	0.996036	11748.059570
3421.040200	0.090568	0.996036	11843.336914
3421.041127	0.090498	0.996036	11927.228516
3421.042045	0.090513	0.996036	12010.319336
3421.042908	0.090472	0.996036	12088.397461
3421.043942	0.090483	0.996036	12181.957031
3421.044824	0.090469	0.996036	12261.750000
3421.045692	0.090450	0.996036	12340.260742
3422.081999	1.462002	0.970126	644.742859
3422.082867	1.888996	0.970126	2284.391846
3422.083910	1.838221	0.970126	4201.656738
3422.084795	1.781228	0.970126	5778.043457
3422.085680	1.727098	0.970126	7306.525391
3422.086678	1.670790	0.970126	8973.973633
3422.087620	1.617382	0.970126	10497.546875
3422.088529	1.158120	0.970126	11550.278320
3422.089407	0.103572	0.970126	11641.213867
3422.090429	0.090428	0.970126	11733.631836
3422.091327	0.090469	0.970126	11814.873047
3422.092202	0.090469	0.970126	11894.033203
3422.093128	0.090571	0.970126	11977.902344
3422.094122	0.090465	0.970126	12067.824219
3422.095000	0.090469	0.970126	12147.255859
3422.095856	0.090494	0.970126	12224.718750
3422.096964	0.090472	0.970126	12324.961914
3422.097848	0.090524	0.970126	12404.984375
3423.120843	1.456318	0.990276	636.411133
3423.121709	1.889564	0.990276	2272.773682
3423.122779	1.836584	0.990276	4237.918945
3423.123806	1.771194	0.990276	6056.935059
3423.124691	1.717280	0.990276	7576.728027
3423.125682	1.661334	0.990276	9223.110352
3423.126722	1.604088	0.990276	10891.362305
3423.127641	0.748429	0.990276	11579.168945
3423.128498	0.091073	0.990276	11657.218750
3423.129599	0.090549	0.990276	11756.913086
3423.130590	0.090454	0.990276	11846.552734
3423.131464	0.090439	0.990276	11925.596680
3423.132453	0.090549	0.990276	12015.150391
3423.133498	0.090553	0.990276	12109.778320
3423.134396	0.090586	0.990276	12191.124023
3423.135261	0.090458	0.990276	12269.370117
3423.136351	0.090579	0.990276	12368.100586
3423.137314	0.090480	0.990276	12455.232422
3424.174799	1.456549	0.981349	637.968506
3424.175663	1.889916	0.981349	2270.855713
3424.176708	1.839331	0.981349	4192.956543
3424.177608	1.779738	0.981349	5794.720215
3424.178541	1.723718	0.981349	7402.949219
3424.179403	1.671317	0.981349	8843.625000
3424.180459	1.615920	0.981349	10550.037109
3424.181335	1.148859	0.981349	11556.437500
3424.182216	0.102451	0.981349	11646.697266
3424.183211	0.090432	0.981349	11736.676758
3424.184146	0.090403	0.981349	11821.203125
3424.185032	0.090458	0.981349	11901.348633
3424.185994	0.090571	0.981349	11988.478516
3424.187003	0.090513	0.981349	12079.805664
3424.187896	0.090465	0.981349	12160.590820
3424.188758	0.090527	0.981349	12238.625000
3424.189817	0.090582	0.981349	12334.551758
3424.190740	0.090524	0.981349	12418.105469
3425.211068	1.445892	1.000943	617.395996
3425.212031	1.886309	1.000943	2433.911133
3425.213102	1.831080	1.000943	4394.998047
3425.214034	1.771523	1.000943	6046.057617
3425.214909	1.717123	1.000943	7548.540039
3425.215992	1.656152	1.000943	9342.153320
3425.216994	1.601920	1.000943	10947.277344
3425.217890	0.720201	1.000943	11592.578125
3425.218871	0.091066	1.000943	11681.913086
3425.219914	0.090531	1.000943	11776.336914
3425.220826	0.090505	1.000943	11858.877930
3425.221691	0.090531	1.000943	11937.187500
3425.222786	0.090549	1.000943	12036.338867
3425.223749	0.090535	1.000943	12123.523437
3425.224630	0.090381	1.000943	12203.149414
3425.225646	0.090630	1.000943	12295.229492
3425.226688	0.090527	1.000943	12389.558594
3425.227573	0.090524	1.000943	12469.671875
3426.267340	1.456003	0.980298	639.185486
3426.268202	1.888920	0.980298	2267.434326
3426.269275	1.835786	0.980298	4237.232910
3426.270281	1.771084	0.980298	6018.943359
3426.271181	1.717397	0.980298	7564.601074
3426.272184	1.660290	0.980298	9229.872070
3426.273255	1.602821	0.980298	10946.493164
3426.274151	0.716426	0.980298	11588.410156
3426.275021	0.090912	0.980298	11667.503906
3426.276143	0.090564	0.980298	11769.116211
3426.277100	0.090396	0.980298	11855.625000
3426.277966	0.090443	0.980298	11933.949219
3426.279005	0.090564	0.980298	12028.044922
3426.280036	0.090417	0.980298	12121.265625
3426.280931	0.090465	0.980298	12202.231445
3426.281865	0.090498	0.980298	12286.756836
3426.282910	0.090557	0.980298	12381.388672
3426.283853	0.090502	0.980298	12466.731445
3427.302325	1.441132	1.012355	603.834106
3427.303374	1.886012	1.012355	2582.260742
3427.304262	1.838145	1.012355	4214.533203
3427.305129	1.781041	1.012355	5758.695801
3427.306208	1.717024	1.012355	7611.364746
3427.307142	1.662642	1.012355	9164.271484
3427.308017	1.614800	1.012355	10577.221680
3427.308992	0.973396	1.012355	11526.283203
3427.310011	0.091556	1.012355	11619.579102
3427.310901	0.090535	1.012355	11700.155273
3427.311764	0.090443	1.012355	11778.208008
3427.312830	0.090579	1.012355	11874.764648
3427.313771	0.090417	1.012355	11959.847656
3427.314648	0.090450	1.012355	12039.172852
3427.315600	0.090593	1.012355	12125.417969
3427.316608	0.090524	1.012355	12216.666016
3427.317494	0.090531	1.012355	12296.876953
3427.318428	0.090637	1.012355	12381.532227
3428.360405	1.465763	0.958665	643.469971
3428.361287	1.889421	0.958665	2309.939453
3428.362147	1.847413	0.958665	3898.714844
3428.363200	1.782349	0.958665	5775.527832
3428.364079	1.726553	0.958665	7293.167969
3428.364962	1.675459	0.958665	8772.597656
3428.365933	1.623102	0.958665	10348.629883
3428.366899	1.228784	0.958665	11535.635742
3428.367784	0.107648	0.958665	11630.904297
3428.368707	0.090428	0.958665	11714.370117
3428.369772	0.090450	0.958665	11810.700195
3428.370661	0.090502	0.958665	11891.156250
3428.371521	0.090469	0.958665	11968.958984
3428.372562	0.090582	0.958665	12063.254883
3428.373524	0.090443	0.958665	12150.260742
3428.374400	0.090436	0.958665	12229.482422
3428.375263	0.090491	0.958665	12307.576172
3428.376386	0.090553	0.958665	12409.267578
3429.392656	1.521716	1.008097	771.510193
3429.393585	1.886803	1.008097	2524.350098
3429.394445	1.840594	1.008097	4107.261230
3429.395535	1.771641	1.008097	6038.349609
3429.396546	1.710227	1.008097	7767.389160
3429.397444	1.658987	1.008097	9257.159180
3429.398424	1.606146	1.008097	10831.182617
3429.399478	0.614337	1.008097	11478.694336
3429.400388	0.090278	1.008097	11560.847656
3429.401250	0.090472	1.008097	11638.834961
3429.402342	0.090542	1.008097	11737.707031
3429.403329	0.090483	1.008097	11827.013672
3429.404208	0.090487	1.008097	11906.551758
3429.405221	0.090476	1.008097	11998.204102
3429.406272	0.090509	1.008097	12093.329102
3429.407155	0.090454	1.008097	12173.200195
3429.408012	0.090542	1.008097	12250.794922
3429.409104	0.090564	1.008097	12349.690430
3430.452244	1.522167	0.982638	764.127686
3430.453255	1.883804	0.982638	2668.653320
3430.454141	1.834643	0.982638	4294.147461
3430.455140	1.771798	0.982638	6064.173828
3430.456200	1.708315	0.982638	7874.988281
3430.457078	1.656387	0.982638	9329.295898
3430.457979	1.605908	0.982638	10776.218750
3430.459086	0.581484	0.982638	11419.921875
3430.460040	0.090289	0.982638	11506.057617
3430.460909	0.090480	0.982638	11584.684570
3430.461930	0.090593	0.982638	11677.180664
3430.462967	0.090465	0.982638	11770.993164
3430.463861	0.090590	0.982638	11851.980469
3430.464805	0.090597	0.982638	11937.503906
3430.465880	0.090571	0.982638	12034.868164
3430.466816	0.090531	0.982638	12119.605469
3430.467677	0.090502	0.982638	12197.527344
3430.468752	0.090546	0.982638	12294.864258
3431.482648	1.524609	1.016641	785.173828
3431.483543	1.887696	1.016641	2474.662109
3431.484407	1.840364	1.016641	4064.736328
3431.485517	1.771926	1.016641	6031.574219
3431.486504	1.712761	1.016641	7722.069336
3431.487377	1.662151	1.016641	9173.126953
3431.488503	1.600862	1.016641	10975.697266
3431.489543	0.474880	1.016641	11469.573242
3431.490439	0.090322	1.016641	11550.501953
3431.491387	0.090516	1.016641	11636.311523
3431.492441	0.090491	1.016641	11731.688477
3431.493378	0.090447	1.016641	11816.437500
3431.494240	0.090535	1.016641	11894.478516
3431.495300	0.090604	1.016641	11990.518555
3431.496311	0.090480	1.016641	12081.993164
3431.497190	0.090494	1.016641	12161.538086
3431.498177	0.090546	1.016641	12250.906250
3431.499216	0.090560	1.016641	12344.998047
3432.545579	1.503384	0.978674	807.317078
3432.546552	1.884441	0.978674	2640.878174
3432.547477	1.833080	0.978674	4336.477051
3432.548346	1.776976	0.978674	5880.669434
3432.549378	1.715424	0.978674	7650.986328
3432.550272	1.663337	0.978674	9138.009766
3432.551161	1.614792	0.978674	10573.560547
3432.552103	1.002740	0.978674	11518.141602
3432.553114	0.092230	0.978674	11611.386719
3432.553983	0.090428	0.978674	11689.968750
3432.554849	0.090498	0.978674	11768.339844
3432.555967	0.090465	0.978674	11869.479492
3432.556866	0.090417	0.978674	11950.764648
3432.557728	0.090494	0.978674	12028.770508
3432.558741	0.090575	0.978674	12120.522461
3432.559719	0.090428	0.978674	12208.961914
3432.560596	0.090461	0.978674	12288.296875
3432.561453	0.090549	0.978674	12365.897461
3433.572363	1.511202	1.035933	757.112427
3433.573281	1.887257	1.035933	2489.614502
3433.574162	1.841100	1.035933	4111.623535
3433.575146	1.779100	1.035933	5862.258301
3433.576144	1.717577	1.035933	7576.399902
3433.577030	1.666366	1.035933	9052.799805
3433.577892	1.617718	1.035933	10447.273437
3433.578991	0.916417	1.035933	11454.416016
3433.579895	0.092278	1.035933	11537.834961
3433.580761	0.090439	1.035933	11616.155273
3433.581737	0.090524	1.035933	11704.506836
3433.582755	0.090366	1.035933	11796.500000
3433.583649	0.090359	1.035933	11877.281250
3433.584617	0.090612	1.035933	11964.993164
3433.585670	0.090509	1.035933	12060.298828
3433.586590	0.090385	1.035933	12143.452148
3433.587460	0.090469	1.035933	12222.160156
3433.588542	0.090531	1.035933	12320.114258
3434.638383	1.518662	0.952474	823.114868
3434.639389	1.882672	0.952474	2717.083008
3434.640284	1.832021	0.952474	4356.742187
3434.641267	1.769989	0.952474	6096.641602
3434.642326	1.706462	0.952474	7903.785156
3434.643236	1.654010	0.952474	9408.934570
3434.644106	1.604670	0.952474	10804.998047
3434.645199	0.585901	0.952474	11445.387695
3434.646165	0.090304	0.952474	11532.621094
3434.647042	0.090458	0.952474	11611.952148
3434.648071	0.090546	0.952474	11705.124023
3434.649114	0.090352	0.952474	11799.360352
3434.649994	0.090428	0.952474	11878.937500
3434.650869	0.090520	0.952474	11958.142578
3434.651967	0.090597	0.952474	12057.618164
3434.652922	0.090494	0.952474	12144.040039
3434.653779	0.090491	0.952474	12221.590820
3434.654796	0.090568	0.952474	12313.698242
3435.663552	1.445167	1.020855	618.531616
3435.664564	1.884595	1.020855	2525.741211
3435.665652	1.828484	1.020855	4515.131836
3435.666527	1.770494	1.020855	6064.314453
3435.667406	1.714574	1.020855	7571.424805
3435.668524	1.653040	1.020855	9419.523437
3435.669490	1.601415	1.020855	10966.490234
3435.670362	0.741738	1.020855	11613.286133
3435.671389	0.090568	1.020855	11706.298828
3435.672423	0.090458	1.020855	11799.832031
3435.673316	0.090439	1.020855	11880.594727
3435.674244	0.090432	1.020855	11964.515625
3435.675300	0.090502	1.020855	12060.084961
3435.676249	0.090421	1.020855	12145.894531
3435.677112	0.090458	1.020855	12223.959961
3435.678167	0.090520	1.020855	12319.458984
3435.679173	0.090432	1.020855	12410.433594
3435.680067	0.090450	1.020855	12491.295898
3436.731433	1.507760	0.968559	806.651550
3436.732453	1.882115	0.968559	2726.409424
3436.733348	1.831582	0.968559	4365.675293
3436.734314	1.770813	0.968559	6076.280762
3436.735379	1.706235	0.968559	7893.421387
3436.736304	1.653065	0.968559	9422.506836
3436.737171	1.604579	0.968559	10813.676758
3436.738278	0.546237	0.968559	11418.360352
3436.739270	0.090238	0.968559	11507.876953
3436.740168	0.090414	0.968559	11589.068359
3436.741159	0.090505	0.968559	11678.758789
3436.742214	0.090491	0.968559	11774.226562
3436.743105	0.090450	0.968559	11854.818359
3436.743980	0.090524	0.968559	11934.026367
3436.745076	0.090531	0.968559	12033.248047
3436.746028	0.090428	0.968559	12119.335937
3436.746886	0.090428	0.968559	12196.923828
3436.747923	0.090538	0.968559	12290.812500
3437.753275	1.437601	1.029097	605.230164
3437.754274	1.885243	1.029097	2488.587891
3437.755350	1.829059	1.029097	4456.655273
3437.756261	1.770168	1.029097	6069.278809
3437.757135	1.715303	1.029097	7568.453125
3437.758227	1.654783	1.029097	9375.475586
3437.759215	1.601587	1.029097	10957.843750
3437.760087	0.747184	1.029097	11609.387695
3437.761145	0.090582	1.029097	11705.223633
3437.762192	0.090458	1.029097	11799.932617
3437.763086	0.090469	1.029097	11880.811523
3437.764016	0.090509	1.029097	11964.985352
3437.765082	0.090498	1.029097	12061.456055
3437.766036	0.090447	1.029097	12147.742187
3437.766902	0.090494	1.029097	12226.110352
3437.767961	0.090601	1.029097	12322.056641
3437.768974	0.090447	1.029097	12413.679687
3437.769864	0.090436	1.029097	12494.167969
3438.822862	1.476921	0.966432	651.322327
3438.823728	1.888209	0.966432	2286.511475
3438.824832	1.834050	0.966432	4311.302734
3438.825798	1.772897	0.966432	6023.920898
3438.826662	1.719917	0.966432	7509.929199
3438.827712	1.660166	0.966432	9253.103516
3438.828750	1.604194	0.966432	10918.256836
3438.829642	0.770435	0.966432	11605.484375
3438.830571	0.091278	0.966432	11690.281250
3438.831640	0.090461	0.966432	11786.984375
3438.832589	0.090374	0.966432	11872.749023
3438.833446	0.090436	0.966432	11950.252930
3438.834479	0.090509	0.966432	12043.749023
3438.835508	0.090377	0.966432	12136.747070
3438.836404	0.090396	0.966432	12217.741211
3438.837358	0.090553	0.966432	12304.128906
3438.838417	0.090458	0.966432	12399.923828
3438.839346	0.090352	0.966432	12483.860352
3439.844187	1.568320	1.028456	919.035767
3439.845258	1.878962	1.028456	2931.404297
3439.846132	1.826195	1.028456	4527.499023
3439.847048	1.768059	1.028456	6147.041016
3439.847930	1.714904	1.028456	7659.585937
3439.848893	1.659185	1.028456	9257.380859
3439.849824	1.608944	1.028456	10755.307617
3439.850715	0.954525	1.028456	11605.789062
3439.851689	0.093669	1.028456	11697.023437
3439.852630	0.090476	1.028456	11782.161133
3439.853558	0.090494	1.028456	11866.139648
3439.854423	0.090403	1.028456	11944.337891
3439.855462	0.090425	1.028456	12038.289062
3439.856352	0.090414	1.028456	12118.757812
3439.857218	0.090439	1.028456	12197.078125
3439.858171	0.090491	1.028456	12283.315430
3439.859119	0.090439	1.028456	12369.051758
3439.860039	0.090414	1.028456	12452.232422
3440.915680	1.476958	0.955592	667.585022
3440.916547	1.889535	0.955592	2305.811768
3440.917615	1.835632	0.955592	4266.267090
3440.918638	1.770205	0.955592	6077.186523
3440.919528	1.716207	0.955592	7604.610840
3440.920492	1.661942	0.955592	9206.722656
3440.921537	1.604579	0.955592	10883.507812
3440.922468	0.729346	0.955592	11562.528320
3440.923325	0.091003	0.955592	11640.518555
3440.924398	0.090634	0.955592	11737.768555
3440.925406	0.090505	0.955592	11828.998047
3440.926276	0.090421	0.955592	11907.664062
3440.927250	0.090575	0.955592	11995.883789
3440.928302	0.090498	0.955592	12091.087891
3440.929211	0.090553	0.955592	12173.400391
3440.930078	0.090546	0.955592	12251.903320
3440.931167	0.090623	0.955592	12350.590820
3440.932166	0.090527	0.955592	12441.027344
3441.935556	1.441359	1.041790	626.991028
3441.936425	1.889377	1.041790	2268.860107
3441.937468	1.837852	1.041790	4185.739258
3441.938500	1.772373	1.041790	6014.828125
3441.939396	1.717657	1.041790	7553.849121
3441.940355	1.663198	1.041790	9148.856445
3441.941411	1.605751	1.041790	10844.529297
3441.942345	0.759935	1.041790	11554.308594
3441.943204	0.091165	1.041790	11632.619141
3441.944275	0.090564	1.041790	11729.613281
3441.945270	0.090491	1.041790	11819.651367
3441.946147	0.090520	1.041790	11899.037109
3441.947103	0.090487	1.041790	11985.542969
3441.948151	0.090516	1.041790	12080.404297
3441.949057	0.090491	1.041790	12162.388672
3441.949924	0.090535	1.041790	12240.881836
3441.950997	0.090623	1.041790	12338.120117
3441.952000	0.090516	1.041790	12428.908203
3443.007165	1.443186	0.966505	614.797241
3443.008218	1.885162	0.966505	2599.873047
3443.009105	1.836709	0.966505	4229.033691
3443.009977	1.780986	0.966505	5782.053711
3443.011028	1.716760	0.966505	7586.368652
3443.012008	1.660763	0.966505	9213.916016
3443.012892	1.612800	0.966505	10639.631836
3443.013774	1.003022	0.966505	11524.297852
3443.014890	0.091421	0.966505	11626.323242
3443.015799	0.090425	0.966505	11708.519531
3443.016663	0.090439	0.966505	11786.659180
3443.017786	0.090626	0.966505	11888.432617
3443.018754	0.090366	0.966505	11975.907227
3443.019634	0.090498	0.966505	12055.545898
3443.020522	0.090608	0.966505	12136.005859
3443.021622	0.090480	0.966505	12235.533203
3443.022503	0.090472	0.966505	12315.239258
3443.023389	0.090516	0.966505	12395.436523
3444.025546	1.460662	1.053682	638.309082
3444.026415	1.888714	1.053682	2279.602051
3444.027523	1.833256	1.053682	4310.849121
3444.028528	1.769008	1.053682	6088.701660
3444.029426	1.715233	1.053682	7628.980957
3444.030428	1.658243	1.053682	9290.541016
3444.031494	1.601166	1.053682	10997.383789
3444.032392	0.657356	1.053682	11587.689453
3444.033287	0.090714	1.053682	11668.878906
3444.034381	0.090531	1.053682	11767.919922
3444.035340	0.090388	1.053682	11854.602539
3444.036202	0.090513	1.053682	11932.624023
3444.037247	0.090593	1.053682	12027.293945
3444.038269	0.090549	1.053682	12119.834961
3444.039144	0.090476	1.053682	12199.001953
3444.040079	0.090582	1.053682	12283.696289
3444.041131	0.090645	1.053682	12379.054687
3444.042068	0.090505	1.053682	12463.858398
3445.099454	1.443483	0.953671	614.923584
3445.100516	1.884225	0.953671	2615.970459
3445.101530	1.828414	0.953671	4469.982422
3445.102422	1.771428	0.953671	6050.096680
3445.103391	1.714043	0.953671	7711.004395
3445.104444	1.653413	0.953671	9452.048828
3445.105385	1.601836	0.953671	10959.376953
3445.106256	0.751798	0.953671	11614.193359
3445.107310	0.090568	0.953671	11709.651367
3445.108307	0.090516	0.953671	11799.896484
3445.109189	0.090524	0.953671	11879.738281
3445.110092	0.090568	0.953671	11961.520508
3445.110968	0.090450	0.953671	12040.754883
3445.111944	0.090535	0.953671	12129.117187
3445.112870	0.090513	0.953671	12212.931641
3445.113744	0.090582	0.953671	12292.100586
3445.114770	0.090579	0.953671	12385.034180
3445.115676	0.090553	0.953671	12467.075195
3446.118335	1.455106	1.042358	625.695618
3446.119218	1.889575	1.042358	2294.190430
3446.120239	1.839474	1.042358	4172.292969
3446.121287	1.773574	1.042358	6030.999023
3446.122180	1.718005	1.042358	7565.177734
3446.123068	1.665395	1.042358	9044.048828
3446.124159	1.607549	1.042358	10797.884766
3446.125122	0.784120	1.042358	11552.992187
3446.125980	0.091300	1.042358	11631.327148
3446.127022	0.090656	1.042358	11725.790039
3446.128036	0.090538	1.042358	11817.595703
3446.128921	0.090465	1.042358	11897.657227
3446.129834	0.090557	1.042358	11980.334961
3446.130915	0.090564	1.042358	12078.234375
3446.131845	0.090557	1.042358	12162.452148
3446.132714	0.090472	1.042358	12241.072266
3446.133726	0.090579	1.042358	12332.738281
3446.134749	0.090494	1.042358	12425.314453
3447.191510	1.487186	0.961260	661.797913
3447.192395	1.889421	0.961260	2333.935791
3447.193394	1.839734	0.961260	4171.830078
3447.194472	1.771410	0.961260	6081.410156
3447.195376	1.715552	0.961260	7632.269043
3447.196243	1.663184	0.961260	9074.249023
3447.197347	1.605330	0.961260	10846.533203
3447.198321	0.718531	0.961260	11546.382812
3447.199185	0.090963	0.961260	11624.974609
3447.200229	0.090615	0.961260	11719.577148
3447.201273	0.090487	0.961260	11814.045898
3447.202150	0.090535	0.961260	11893.444336
3447.203083	0.090601	0.961260	11977.974609
3447.204137	0.090571	0.961260	12073.436523
3447.205083	0.090531	0.961260	12159.079102
3447.205945	0.090549	0.961260	12237.132812
3447.206991	0.090582	0.961260	12331.881836
3447.208031	0.090494	0.961260	12425.996094
3448.208582	1.460354	1.059603	630.872925
3448.209453	1.887532	1.059603	2274.913086
3448.210555	1.833798	1.059603	4295.757812
3448.211530	1.772333	1.059603	6023.782227
3448.212405	1.719272	1.059603	7528.145508
3448.213436	1.660283	1.059603	9239.897461
3448.214482	1.603601	1.059603	10917.263672
3448.215382	0.746704	1.059603	11589.296875
3448.216315	0.091212	1.059603	11674.397461
3448.217376	0.090575	1.059603	11770.497070
3448.218317	0.090443	1.059603	11855.604492
3448.219183	0.090546	1.059603	11934.016602
3448.220233	0.090590	1.059603	12029.135742
3448.221232	0.090560	1.059603	12119.605469
3448.222128	0.090557	1.059603	12200.744141
3448.223087	0.090641	1.059603	12287.668945
3448.224137	0.090582	1.059603	12382.780273
3448.225060	0.090505	1.059603	12466.316406
3449.282484	1.435986	0.953969	600.242249
3449.283544	1.884448	0.953969	2597.757324
3449.284549	1.828923	0.953969	4435.825195
3449.285442	1.772227	0.953969	6018.423828
3449.286414	1.714098	0.953969	7684.526855
3449.287483	1.653131	0.953969	9451.723633
3449.288400	1.602264	0.953969	10921.000000
3449.289322	0.701547	0.953969	11567.826172
3449.290205	0.090590	0.953969	11647.816406
3449.291139	0.090410	0.953969	11732.259766
3449.292092	0.090476	0.953969	11818.483398
3449.292980	0.090443	0.953969	11898.796875
3449.293924	0.090472	0.953969	11984.203125
3449.294877	0.090436	0.953969	12070.388672
3449.295801	0.090487	0.953969	12153.999023
3449.296661	0.090520	0.953969	12231.846680
3449.297686	0.090560	0.953969	12324.670898
3449.298592	0.090491	0.953969	12406.655273
3450.299947	1.550442	1.047107	807.780212
3450.300994	1.881361	1.047107	2777.565186
3450.301886	1.830139	1.047107	4410.049316
3450.302844	1.770161	1.047107	6105.863770
3450.303908	1.705532	1.047107	7920.549805
3450.304847	1.652084	1.047107	9471.856445
3450.305712	1.604634	1.047107	10859.865234
3450.306789	0.569553	1.047107	11473.274414
3450.307780	0.090377	1.047107	11562.837891
3450.308670	0.090527	1.047107	11643.407227
3450.309656	0.090571	1.047107	11732.710937
3450.310692	0.090513	1.047107	11826.482422
3450.311606	0.090549	1.047107	11909.244141
3450.312463	0.090531	1.047107	11986.829102
3450.313527	0.090648	1.047107	12083.278320
3450.314516	0.090549	1.047107	12172.832031
3450.315391	0.090465	1.047107	12251.989258
3450.316375	0.090612	1.047107	12341.151367
3451.373904	1.579146	0.956361	906.429565
3451.374835	1.883844	0.956361	2660.288330
3451.375769	1.832216	0.956361	4371.577637
3451.376637	1.775087	0.956361	5912.352539
3451.377691	1.713351	0.956361	7718.224121
3451.378580	1.661968	0.956361	9195.713867
3451.379455	1.613972	0.956361	10607.939453
3451.380443	0.924836	0.956361	11521.677734
3451.381376	0.091827	0.956361	11607.352539
3451.382296	0.090454	0.956361	11690.570312
3451.383172	0.090469	0.956361	11769.821289
3451.384211	0.090344	0.956361	11863.688477
3451.385107	0.090450	0.956361	11944.732422
3451.385969	0.090425	0.956361	12022.678711
3451.387028	0.090494	0.956361	12118.512695
3451.387977	0.090385	0.956361	12204.288086
3451.388852	0.090396	0.956361	12283.383789
3451.389779	0.090436	0.956361	12367.217773
3452.392123	1.447071	1.047998	613.558289
3452.393167	1.884247	1.047998	2580.711914
3452.394202	1.827404	1.047998	4472.074707
3452.395096	1.770590	1.047998	6054.981934
3452.396067	1.712648	1.047998	7717.962891
3452.397124	1.651893	1.047998	9464.013672
3452.398053	1.601473	1.047998	10951.782227
3452.398927	0.747828	1.047998	11605.383789
3452.400004	0.090403	1.047998	11702.748047
3452.400990	0.090439	1.047998	11791.920898
3452.401883	0.090300	1.047998	11872.558594
3452.402866	0.090417	1.047998	11961.439453
3452.403918	0.090447	1.047998	12056.589844
3452.404819	0.090363	1.047998	12138.006836
3452.405681	0.090546	1.047998	12216.057617
3452.406770	0.090513	1.047998	12314.625977
3452.407726	0.090359	1.047998	12401.008789
3452.408604	0.090300	1.047998	12480.291992
3453.464775	1.450818	0.963330	626.753357
3453.465639	1.889791	0.963330	2259.532959
3453.466684	1.838485	0.963330	4180.750000
3453.467660	1.776379	0.963330	5914.496094
3453.468523	1.723000	0.963330	7401.445312
3453.469615	1.661107	0.963330	9215.374023
3453.470663	1.603953	0.963330	10896.316406
3453.471560	0.773844	0.963330	11590.454102
3453.472515	0.091373	0.963330	11677.715820
3453.473556	0.090491	0.963330	11771.916992
3453.474489	0.090359	0.963330	11856.221680
3453.475347	0.090538	0.963330	11933.903320
3453.476385	0.090480	0.963330	12027.821289
3453.477404	0.090461	0.963330	12120.001953
3453.478296	0.090359	0.963330	12200.602539
3453.479253	0.090513	0.963330	12287.223633
3453.480304	0.090439	0.963330	12382.275391
3453.481217	0.090348	0.963330	12464.762695
3454.483283	1.585188	1.051494	898.801636
3454.484251	1.883159	1.051494	2721.699707
3454.485128	1.833622	1.051494	4329.786133
3454.486012	1.774742	1.051494	5898.658203
3454.487114	1.710842	1.051494	7784.006348
3454.488009	1.659009	1.051494	9268.819336
3454.488896	1.608710	1.051494	10695.745117
3454.489990	0.687242	1.051494	11447.587891
3454.490947	0.090330	1.051494	11534.033203
3454.491815	0.090436	1.051494	11612.531250
3454.492838	0.090546	1.051494	11705.159180
3454.493867	0.090538	1.051494	11798.323242
3454.494759	0.090454	1.051494	11879.007812
3454.495667	0.090494	1.051494	11961.176758
3454.496739	0.090549	1.051494	12058.246094
3454.497691	0.090472	1.051494	12144.375977
3454.498553	0.090414	1.051494	12222.312500
3454.499601	0.090604	1.051494	12317.265625
3455.556874	1.508111	0.953550	752.547607
3455.557779	1.887404	0.953550	2460.647949
3455.558657	1.842111	0.953550	4078.020996
3455.559670	1.778522	0.953550	5879.663574
3455.560663	1.717009	0.953550	7584.653809
3455.561549	1.666058	0.953550	9060.781250
3455.562413	1.617162	0.953550	10458.008789
3455.563514	0.903446	0.953550	11452.703125
3455.564423	0.092106	0.953550	11536.426758
3455.565280	0.090454	0.953550	11613.946289
3455.566366	0.090491	0.953550	11712.218750
3455.567359	0.090454	0.953550	11802.040039
3455.568243	0.090502	0.953550	11882.043945
3455.569226	0.090590	0.953550	11971.093750
3455.570287	0.090509	0.953550	12067.124023
3455.571193	0.090480	0.953550	12149.098633
3455.572055	0.090469	0.953550	12227.083008
3455.573169	0.090568	0.953550	12327.975586
3456.575164	1.439282	1.038720	608.816406
3456.576180	1.884555	1.038720	2523.523926
3456.577191	1.831417	1.038720	4375.086914
3456.578074	1.774922	1.038720	5942.342773
3456.579065	1.715830	1.038720	7642.730469
3456.580122	1.655328	1.038720	9392.412109
3456.581026	1.605714	1.038720	10843.977539
3456.581894	0.858054	1.038720	11588.768555
3456.582957	0.090791	1.038720	11685.279297
3456.583948	0.090392	1.038720	11774.857422
3456.584843	0.090392	1.038720	11855.757812
3456.585839	0.090597	1.038720	11945.992187
3456.586889	0.090465	1.038720	12040.980469
3456.587784	0.090516	1.038720	12121.992187
3456.588657	0.090535	1.038720	12201.029297
3456.589748	0.090513	1.038720	12299.778320
3456.590715	0.090494	1.038720	12387.286133
3456.591582	0.090465	1.038720	12465.719727
3457.648598	1.455417	0.960954	659.304077
3457.649687	1.881683	0.960954	2708.457031
3457.650652	1.827693	0.960954	4472.180664
3457.651521	1.771992	0.960954	6012.041992
3457.652583	1.708319	0.960954	7826.276855
3457.653594	1.650952	0.960954	9495.389648
3457.654490	1.602349	0.960954	10931.093750
3457.655454	0.692461	0.960954	11598.625977
3457.656509	0.090403	0.960954	11694.000977
3457.657433	0.090483	0.960954	11777.607422
3457.658293	0.090396	0.960954	11855.347656
3457.659345	0.090641	0.960954	11950.702148
3457.660357	0.090535	0.960954	12042.323242
3457.661237	0.090396	0.960954	12121.871094
3457.662203	0.090571	0.960954	12209.363281
3457.663280	0.090487	0.960954	12306.817383
3457.664180	0.090450	0.960954	12388.222656
3457.665044	0.090472	0.960954	12466.390625
3458.667209	1.448811	1.065130	631.681641
3458.668071	1.889363	1.065130	2260.312500
3458.669126	1.837588	1.065130	4198.967773
3458.670156	1.772022	1.065130	6024.149902
3458.671051	1.717654	1.065130	7561.450195
3458.672008	1.663195	1.065130	9153.126953
3458.673059	1.605773	1.065130	10840.793945
3458.673988	0.781234	1.065130	11566.560547
3458.674894	0.090890	1.065130	11648.907227
3458.675773	0.090601	1.065130	11728.544922
3458.676729	0.090480	1.065130	11815.043945
3458.677674	0.090461	1.065130	11900.530273
3458.678563	0.090516	1.065130	11980.999023
3458.679437	0.090483	1.065130	12060.081055
3458.680470	0.090410	1.065130	12153.474609
3458.681396	0.090458	1.065130	12237.238281
3458.682258	0.090476	1.065130	12315.228516
3458.683311	0.090487	1.065130	12410.511719
3459.739165	1.534131	0.953324	782.406799
3459.740181	1.883031	0.953324	2695.566406
3459.741062	1.833486	0.953324	4310.867676
3459.742054	1.771388	0.953324	6068.084473
3459.743117	1.706968	0.953324	7882.591309
3459.744012	1.654215	0.953324	9363.113281
3459.744935	1.604802	0.953324	10844.345703
3459.745820	0.829065	0.953324	11578.068359
3459.746851	0.090428	0.953324	11671.299805
3459.747749	0.090414	0.953324	11752.491211
3459.748627	0.090399	0.953324	11831.861328
3459.749600	0.090436	0.953324	11919.855469
3459.750559	0.090443	0.953324	12006.590820
3459.751486	0.090491	0.953324	12090.475586
3459.752350	0.090450	0.953324	12168.625000
3459.753373	0.090531	0.953324	12261.238281
3459.754256	0.090439	0.953324	12341.096680
3459.755125	0.090502	0.953324	12419.742187
3460.758760	1.460050	1.038753	684.763428
3460.759860	1.881980	1.038753	2754.941406
3460.760735	1.830714	1.038753	4356.816406
3460.761643	1.772029	1.038753	5965.818359
3460.762720	1.707971	1.038753	7805.303223
3460.763673	1.654266	1.038753	9381.819336
3460.764546	1.606501	1.038753	10784.294922
3460.765592	0.663109	1.038753	11477.907227
3460.766626	0.090275	1.038753	11571.250977
3460.767517	0.090461	1.038753	11651.852539
3460.768483	0.090524	1.038753	11739.298828
3460.769537	0.090494	1.038753	11834.679687
3460.770474	0.090494	1.038753	11919.472656
3460.771337	0.090458	1.038753	11997.538086
3460.772398	0.090597	1.038753	12093.661133
3460.773407	0.090480	1.038753	12184.955078
3460.774302	0.090428	1.038753	12265.888672
3460.775272	0.090590	1.038753	12353.760742
3461.829164	1.546326	0.964390	810.274658
3461.830132	1.884653	0.964390	2634.619141
3461.830999	1.836705	0.964390	4227.042480
3461.832082	1.768136	0.964390	6141.933594
3461.833125	1.705858	0.964390	7921.143555
3461.834009	1.654669	0.964390	9383.871094
3461.834942	1.603447	0.964390	10879.887695
3461.836023	0.549800	0.964390	11474.221680
3461.836946	0.090319	0.964390	11557.585937
3461.837818	0.090472	0.964390	11636.477539
3461.838852	0.090641	0.964390	11730.200195
3461.839872	0.090447	0.964390	11822.456055
3461.840766	0.090439	0.964390	11903.308594
3461.841727	0.090549	0.964390	11990.326172
3461.842781	0.090527	0.964390	12085.742187
3461.843711	0.090535	0.964390	12169.939453
3461.844573	0.090469	0.964390	12247.923828
3461.845644	0.090601	0.964390	12344.957031
3462.851603	1.478445	1.048018	755.485291
3462.852680	1.880471	1.048018	2780.752686
3462.853602	1.827155	1.048018	4465.389160
3462.854474	1.770531	1.048018	6009.291992
3462.855528	1.707488	1.048018	7808.983887
3462.856544	1.649828	1.048018	9485.208984
3462.857439	1.601818	1.048018	10918.835937
3462.858417	0.649237	1.048018	11553.790039
3462.859453	0.090432	1.048018	11647.477539
3462.860373	0.090417	1.048018	11730.662109
3462.861234	0.090568	1.048018	11808.640625
3462.862326	0.090564	1.048018	11907.536133
3462.863316	0.090425	1.048018	11997.056641
3462.864216	0.090505	1.048018	12078.511719
3462.865215	0.090571	1.048018	12168.992187
3462.866255	0.090531	1.048018	12263.144531
3462.867148	0.090465	1.048018	12343.929687
3462.868013	0.090502	1.048018	12422.213867
3463.920322	1.457501	0.963226	628.182983
3463.921186	1.887696	0.963226	2259.152832
3463.922312	1.832780	0.963226	4322.862305
3463.923290	1.771095	0.963226	6054.993164
3463.924164	1.717581	0.963226	7556.158691
3463.925244	1.656097	0.963226	9344.744141
3463.926283	1.599836	0.963226	11006.974609
3463.927185	0.640085	0.963226	11584.332031
3463.928123	0.090681	0.963226	11669.390625
3463.929163	0.090509	0.963226	11763.519531
3463.930098	0.090388	0.963226	11848.032227
3463.930960	0.090432	0.963226	11925.984375
3463.932012	0.090619	0.963226	12021.315430
3463.933021	0.090385	0.963226	12112.513672
3463.933899	0.090443	0.963226	12191.922852
3463.934849	0.090597	0.963226	12277.990234
3463.935901	0.090535	0.963226	12373.232422
3463.936820	0.090428	0.963226	12456.335937
3464.943575	1.478386	1.037017	654.925110
3464.944440	1.887495	1.037017	2287.608398
3464.945540	1.833768	1.037017	4304.753906
3464.946513	1.772197	1.037017	6029.101562
3464.947373	1.719218	1.037017	7507.628906
3464.948436	1.657584	1.037017	9269.640625
3464.949504	1.600931	1.037017	10979.435547
3464.950390	0.692915	1.037017	11593.358398
3464.951330	0.090905	1.037017	11678.808594
3464.952400	0.090505	1.037017	11775.649414
3464.953337	0.090399	1.037017	11860.353516
3464.954204	0.090461	1.037017	11938.783203
3464.955257	0.090535	1.037017	12034.116211
3464.956270	0.090480	1.037017	12125.772461
3464.957164	0.090502	1.037017	12206.680664
3464.958039	0.090439	1.037017	12285.815430
3464.959005	0.090516	1.037017	12373.253906
3464.959977	0.090439	1.037017	12461.161133
3466.009587	1.508701	0.970759	709.089539
3466.010465	1.888217	0.970759	2366.943848
3466.011450	1.837797	0.970759	4177.173340
3466.012534	1.769747	0.970759	6095.579102
3466.013429	1.714556	0.970759	7630.106445
3466.014295	1.662393	0.970759	9069.738281
3466.015407	1.604048	0.970759	10853.439453
3466.016388	0.683895	0.970759	11524.340820
3466.017254	0.090571	0.970759	11602.775391
3466.018319	0.090527	0.970759	11699.187500
3466.019357	0.090425	0.970759	11793.048828
3466.020245	0.090480	0.970759	11873.394531
3466.021169	0.090502	0.970759	11957.018555
3466.022225	0.090516	0.970759	12052.603516
3466.023175	0.090392	0.970759	12138.475586
3466.024036	0.090472	0.970759	12216.372070
3466.025083	0.090542	0.970759	12311.169922
3466.026099	0.090461	0.970759	12403.079102
3467.036374	1.452861	1.023272	646.523315
3467.037234	1.888821	1.023272	2270.909180
3467.038262	1.837317	1.023272	4159.670898
3467.039324	1.771069	1.023272	6040.546387
3467.040210	1.716431	1.023272	7561.303711
3467.041176	1.661451	1.023272	9166.265625
3467.042255	1.602323	1.023272	10895.171875
3467.043186	0.693713	1.023272	11541.019531
3467.044056	0.090645	1.023272	11619.879883
3467.045115	0.090549	1.023272	11715.771484
3467.046120	0.090480	1.023272	11806.704102
3467.047010	0.090513	1.023272	11887.260742
3467.047971	0.090516	1.023272	11974.247070
3467.049034	0.090527	1.023272	12070.477539
3467.049951	0.090513	1.023272	12153.477539
3467.050811	0.090575	1.023272	12231.372070
3467.051892	0.090568	1.023272	12329.275391
3467.052891	0.090421	1.023272	12419.606445
3468.100793	1.453425	0.990916	614.798889
3468.101899	1.882024	0.990916	2696.317139
3468.102871	1.827770	0.990916	4472.909180
3468.103741	1.772095	0.990916	6014.631836
3468.104802	1.708418	0.990916	7827.263184
3468.105834	1.649747	0.990916	9529.802734
3468.106728	1.600939	0.990916	10961.041992
3468.107682	0.689978	0.990916	11619.281250
3468.108744	0.090396	0.990916	11715.281250
3468.109681	0.090392	0.990916	11799.978516
3468.110542	0.090436	0.990916	11877.843750
3468.111592	0.090593	0.990916	11972.966797
3468.112621	0.090450	0.990916	12066.040039
3468.113497	0.090509	0.990916	12145.326172
3468.114466	0.090582	0.990916	12233.100586
3468.115517	0.090443	0.990916	12328.156250
3468.116430	0.090502	0.990916	12410.784180
3468.117296	0.090546	0.990916	12489.196289
3469.129197	1.497425	1.029508	705.287354
3469.130070	1.888227	1.029508	2353.709961
3469.131047	1.839573	1.029508	4150.972656
3469.132093	1.772128	1.029508	6004.618164
3469.133019	1.715870	1.029508	7593.514160
3469.133890	1.664524	1.029508	9043.314453
3469.134984	1.606234	1.029508	10800.534180
3469.135990	0.685928	1.029508	11490.577148
3469.136881	0.090667	1.029508	11571.361328
3469.137863	0.090590	1.029508	11660.320312
3469.138912	0.090542	1.029508	11755.298828
3469.139818	0.090502	1.029508	11837.292969
3469.140684	0.090425	1.029508	11915.600586
3469.141792	0.090593	1.029508	12015.977539
3469.142763	0.090403	1.029508	12103.758789
3469.143625	0.090483	1.029508	12181.755859
3469.144709	0.090670	1.029508	12280.041992
3469.145721	0.090505	1.029508	12371.633789
3470.190266	1.436642	0.986175	604.826233
3470.191320	1.883954	0.986175	2590.513672
3470.192353	1.827576	0.986175	4478.399414
3470.193233	1.770828	0.986175	6036.727539
3470.194195	1.713549	0.986175	7685.161133
3470.195245	1.652981	0.986175	9420.791016
3470.196183	1.601814	0.986175	10923.292969
3470.197059	0.774840	0.986175	11602.052734
3470.198115	0.090516	0.986175	11697.637695
3470.199128	0.090531	0.986175	11789.345703
3470.200016	0.090421	0.986175	11869.639648
3470.200986	0.090641	0.986175	11957.561523
3470.202048	0.090520	0.986175	12053.693359
3470.202961	0.090406	0.986175	12136.234375
3470.203823	0.090520	0.986175	12214.262695
3470.204918	0.090593	0.986175	12313.461914
3470.205897	0.090505	0.986175	12402.066406
3470.206793	0.090461	0.986175	12483.120117
3471.221042	1.563691	1.031095	852.211853
3471.222125	1.879255	1.031095	2887.445312
3471.222996	1.827074	1.031095	4478.826660
3471.223881	1.768608	1.031095	6044.044922
3471.224991	1.703899	1.031095	7935.372559
3471.225948	1.649927	1.031095	9514.352539
3471.226823	1.602418	1.031095	10916.468750
3471.227859	0.575599	1.031095	11512.790039
3471.228901	0.090344	1.031095	11606.928711
3471.229790	0.090432	1.031095	11687.323242
3471.230742	0.090604	1.031095	11773.578125
3471.231785	0.090597	1.031095	11868.070312
3471.232721	0.090458	1.031095	11952.739258
3471.233584	0.090487	1.031095	12030.830078
3471.234630	0.090645	1.031095	12125.644531
3471.235642	0.090553	1.031095	12217.284180
3471.236533	0.090582	1.031095	12297.993164
3471.237485	0.090608	1.031095	12384.251953
3472.281622	1.519951	0.983581	767.575378
3472.282566	1.885503	0.983581	2547.490234
3472.283428	1.839031	0.983581	4132.734375
3472.284485	1.772296	0.983581	6006.051270
3472.285504	1.710469	0.983581	7749.019043
3472.286389	1.659727	0.983581	9217.876953
3472.287356	1.608955	0.983581	10773.736328
3472.288409	0.678442	0.983581	11488.135742
3472.289329	0.090425	0.983581	11571.326172
3472.290184	0.090469	0.983581	11648.676758
3472.291255	0.090586	0.983581	11745.694336
3472.292265	0.090509	0.983581	11837.108398
3472.293138	0.090549	0.983581	11916.158203
3472.294112	0.090608	0.983581	12004.410156
3472.295174	0.090601	0.983581	12100.627930
3472.296086	0.090568	0.983581	12183.225586
3472.296952	0.090557	0.983581	12261.647461
3472.298035	0.090553	0.983581	12359.716797
