time (s)	coil I (A)	last det (V)	int current (uC)
2543.783893	1.500630	0.480909	645.270813
2543.784958	1.906567	0.480909	2675.764893
2543.785852	1.856283	0.480909	4335.281738
2543.786735	1.799381	0.480909	5924.135254
2543.787715	1.738414	0.480909	7627.781250
2543.788670	1.680194	0.480909	9232.366211
2543.789604	1.627357	0.480909	10752.318359
2543.790472	1.579036	0.480909	12122.920898
2543.791512	1.026559	0.480909	13190.541992
2543.792391	0.096804	0.480909	13275.632812
2543.793267	0.090897	0.480909	13355.258789
2543.794207	0.091022	0.480909	13440.819336
2543.795180	0.090905	0.480909	13529.269531
2543.796055	0.090919	0.480909	13608.824219
2543.796936	0.090989	0.480909	13688.985352
2543.798036	0.091080	0.480909	13789.173828
2543.798932	0.091007	0.480909	13870.715820
2543.799799	0.090912	0.480909	13949.536133
2543.800838	0.091047	0.480909	14044.134766
2544.855262	1.486304	0.425556	665.864075
2544.856127	1.912961	0.425556	2320.575684
2544.857165	1.858121	0.425556	4249.305664
2544.858183	1.792723	0.425556	6074.297852
2544.859084	1.736301	0.425556	7638.705078
2544.860060	1.678689	0.425556	9277.105469
2544.861109	1.618986	0.425556	10975.420898
2544.862031	1.568939	0.425556	12421.982422
2544.862904	0.930099	0.425556	13233.958984
2544.864016	0.091329	0.425556	13335.517578
2544.864980	0.091022	0.425556	13423.262695
2544.865862	0.090901	0.425556	13503.437500
2544.866854	0.091018	0.425556	13593.727539
2544.867906	0.091014	0.425556	13689.474609
2544.868800	0.091018	0.425556	13770.844727
2544.869664	0.091036	0.425556	13849.500000
2544.870756	0.091102	0.425556	13948.983398
2544.871716	0.090967	0.425556	14036.311523
2544.872578	0.090963	0.425556	14114.721680
2545.871339	1.512576	0.481598	713.935730
2545.872224	1.912581	0.481598	2406.569580
2545.873192	1.861556	0.481598	4208.556152
2545.874248	1.793507	0.481598	6102.499512
2545.875168	1.735166	0.481598	7698.852051
2545.876030	1.682626	0.481598	9149.275391
2545.877093	1.623120	0.481598	10874.652344
2545.878105	1.568298	0.481598	12461.770508
2545.878990	0.911942	0.481598	13268.839844
2545.879988	0.093761	0.481598	13362.413086
2545.881024	0.090956	0.481598	13456.643555
2545.881918	0.090956	0.481598	13537.958008
2545.882786	0.090905	0.481598	13616.863281
2545.883855	0.091091	0.481598	13714.240234
2545.884845	0.090945	0.481598	13804.275391
2545.885731	0.090985	0.481598	13884.888672
2545.886715	0.091088	0.481598	13974.518555
2545.887767	0.091066	0.481598	14070.319336
2545.888663	0.090981	0.481598	14151.838867
2546.942654	1.461888	0.419590	622.764465
2546.943746	1.905403	0.419590	2703.464355
2546.944734	1.849512	0.419590	4530.782227
2546.945635	1.791167	0.419590	6144.623535
2546.946625	1.729471	0.419590	7856.800293
2546.947688	1.667113	0.419590	9628.941406
2546.948593	1.615214	0.419590	11090.709961
2546.949466	1.565691	0.419590	12457.558594
2546.950577	0.577570	0.419590	13099.238281
2546.951539	0.090809	0.419590	13186.596680
2546.952400	0.090948	0.419590	13264.903320
2546.953435	0.091157	0.419590	13359.250977
2546.954479	0.091003	0.419590	13454.258789
2546.955357	0.091073	0.419590	13534.220703
2546.956283	0.091117	0.419590	13618.594727
2546.957343	0.091033	0.419590	13715.089844
2546.958290	0.090883	0.419590	13801.155273
2546.959149	0.091069	0.419590	13879.383789
2546.960183	0.091165	0.419590	13973.647461
2547.960093	1.539576	0.474137	788.263123
2547.961112	1.905231	0.474137	2729.693115
2547.962003	1.854774	0.474137	4382.296875
2547.962972	1.793079	0.474137	6119.790039
2547.964029	1.726542	0.474137	7944.744629
2547.964959	1.670830	0.474137	9498.616211
2547.965824	1.620787	0.474137	10900.597656
2547.966905	1.564098	0.474137	12591.387695
2547.967905	0.581378	0.474137	13172.765625
2547.968779	0.090923	0.474137	13252.232422
2547.969753	0.091066	0.474137	13340.930664
2547.970802	0.090952	0.474137	13436.339844
2547.971706	0.090996	0.474137	13518.600586
2547.972569	0.090992	0.474137	13597.126953
2547.973649	0.091073	0.474137	13695.485352
2547.974648	0.091003	0.474137	13786.397461
2547.975549	0.091011	0.474137	13868.398437
2547.976546	0.091080	0.474137	13959.205078
2547.977596	0.091018	0.474137	14054.774414
2549.029558	1.446292	0.423425	607.442444
2549.030563	1.907494	0.423425	2524.473633
2549.031511	1.857246	0.423425	4285.142578
2549.032450	1.797253	0.423425	5972.763672
2549.033321	1.740967	0.423425	7489.145508
2549.034370	1.679626	0.423425	9251.074219
2549.035264	1.628474	0.423425	10706.929687
2549.036145	1.580563	0.423425	12099.405273
2549.037135	1.072738	0.423425	13161.416016
2549.038091	0.096705	0.423425	13253.866211
2549.038977	0.090901	0.423425	13334.404297
2549.039895	0.091014	0.423425	13417.955078
2549.040950	0.090938	0.423425	13513.894531
2549.041850	0.090901	0.423425	13595.705078
2549.042712	0.090923	0.423425	13674.081055
2549.043742	0.090996	0.423425	13767.806641
2549.044696	0.090905	0.423425	13854.529297
2549.045578	0.090923	0.423425	13934.723633
2549.046508	0.091047	0.423425	14019.397461
2550.046393	1.452861	0.477783	616.013245
2550.047442	1.907567	0.477783	2617.051270
2550.048350	1.857664	0.477783	4303.809570
2550.049218	1.801186	0.477783	5867.239258
2550.050271	1.735012	0.477783	7694.207031
2550.051222	1.678125	0.477783	9290.103516
2550.052104	1.628035	0.477783	10726.030273
2550.053013	1.577629	0.477783	12160.095703
2550.054109	0.892225	0.477783	13137.974609
2550.054992	0.093270	0.477783	13220.332031
2550.055854	0.090945	0.477783	13298.726562
2550.056889	0.091051	0.477783	13392.964844
2550.057854	0.091040	0.477783	13480.818359
2550.058713	0.090930	0.477783	13558.927734
2550.059789	0.091102	0.477783	13656.954102
2550.060825	0.091007	0.477783	13751.237305
2550.061696	0.091029	0.477783	13830.523437
2550.062597	0.091055	0.477783	13912.563477
2550.063676	0.091095	0.477783	14010.854492
2551.116836	1.543326	0.422418	796.356384
2551.117802	1.907563	0.422418	2639.062744
2551.118662	1.859052	0.422418	4237.847168
2551.119678	1.792976	0.422418	6059.510742
2551.120745	1.727585	0.422418	7902.844238
2551.121631	1.673892	0.422418	9385.912109
2551.122567	1.620901	0.422418	10903.075195
2551.123643	1.562827	0.422418	12584.677734
2551.124596	0.647996	0.422418	13202.217773
2551.125457	0.091157	0.422418	13280.704102
2551.126527	0.091073	0.422418	13378.152344
2551.127544	0.091003	0.422418	13470.703125
2551.128439	0.090886	0.422418	13552.045898
2551.129404	0.091139	0.422418	13639.995117
2551.130452	0.091113	0.422418	13735.481445
2551.131370	0.090897	0.422418	13818.924805
2551.132228	0.091051	0.422418	13897.046875
2551.133290	0.091121	0.422418	13993.817383
2551.134277	0.090981	0.422418	14083.616211
2552.134880	1.470048	0.467197	677.691956
2552.135774	1.912013	0.467197	2387.031494
2552.136713	1.862483	0.467197	4135.902832
2552.137701	1.799758	0.467197	5914.063965
2552.138625	1.741439	0.467197	7523.153809
2552.139498	1.688394	0.467197	8997.121094
2552.140551	1.629976	0.467197	10713.485352
2552.141428	1.580240	0.467197	12099.356445
2552.142303	1.275626	0.467197	13215.529297
2552.143191	0.124241	0.467197	13325.855469
2552.144232	0.090956	0.467197	13420.540039
2552.145124	0.090974	0.467197	13501.688477
2552.146004	0.091051	0.467197	13581.813477
2552.146992	0.091051	0.467197	13671.771484
2552.147919	0.091014	0.467197	13756.141602
2552.148844	0.091025	0.467197	13840.339844
2552.149710	0.091066	0.467197	13919.203125
2552.150751	0.090989	0.467197	14013.922852
2552.151631	0.090974	0.467197	14093.980469
2553.204166	1.473292	0.423614	640.882141
2553.205044	1.912852	0.423614	2320.365723
2553.206048	1.861209	0.423614	4189.019043
2553.207100	1.794650	0.423614	6076.990723
2553.207994	1.736949	0.423614	7629.823242
2553.208887	1.681897	0.423614	9131.757812
2553.209981	1.621417	0.423614	10905.587891
2553.210946	1.569536	0.423614	12420.190430
2553.211815	0.976747	0.423614	13268.983398
2553.212852	0.092607	0.423614	13365.017578
2553.213875	0.090945	0.423614	13458.053711
2553.214765	0.091022	0.423614	13539.063477
2553.215700	0.091066	0.423614	13624.209961
2553.216747	0.091077	0.423614	13719.567383
2553.217683	0.090978	0.423614	13804.722656
2553.218539	0.090967	0.423614	13882.589844
2553.219580	0.091084	0.423614	13977.408203
2553.220598	0.090930	0.423614	14069.975586
2553.221488	0.090985	0.423614	14150.952148
2554.221502	1.449291	0.481630	611.600708
2554.222492	1.907666	0.481630	2500.189941
2554.223551	1.851991	0.481630	4461.448242
2554.224466	1.792335	0.481630	6101.435059
2554.225326	1.735386	0.481630	7593.866699
2554.226431	1.672679	0.481630	9442.177734
2554.227385	1.617517	0.481630	10985.289062
2554.228274	1.570173	0.481630	12381.172852
2554.229281	0.781567	0.481630	13168.210937
2554.230340	0.091062	0.481630	13264.645508
2554.231230	0.091014	0.481630	13345.648437
2554.232114	0.090996	0.481630	13426.088867
2554.233225	0.091146	0.481630	13527.352539
2554.234180	0.090989	0.481630	13614.247070
2554.235048	0.090945	0.481630	13693.187500
2554.236085	0.091106	0.481630	13787.664062
2554.237115	0.091014	0.481630	13881.409180
2554.238008	0.091029	0.481630	13962.698242
2554.238943	0.091062	0.481630	14047.840820
2555.291326	1.457413	0.429693	619.400635
2555.292284	1.908149	0.429693	2447.407715
2555.293352	1.852482	0.429693	4425.857910
2555.294278	1.792430	0.429693	6085.648437
2555.295151	1.735767	0.429693	7600.972656
2555.296239	1.672478	0.429693	9420.628906
2555.297232	1.616301	0.429693	11025.616211
2555.298125	1.568419	0.429693	12426.214844
2555.299109	0.773159	0.429693	13187.003906
2555.300166	0.091022	0.429693	13283.213867
2555.301073	0.090959	0.429693	13365.713867
2555.301934	0.091014	0.429693	13444.077148
2555.303027	0.091022	0.429693	13543.563477
2555.303991	0.090934	0.429693	13631.223633
2555.304854	0.090941	0.429693	13709.706055
2555.305917	0.091069	0.429693	13806.512695
2555.306946	0.090934	0.429693	13900.083984
2555.307830	0.090934	0.429693	13980.469727
2555.308723	0.091066	0.429693	14061.791016
2556.308413	1.464144	0.475729	626.653809
2556.309504	1.904425	0.475729	2704.381592
2556.310504	1.848307	0.475729	4552.688477
2556.311395	1.790522	0.475729	6148.043945
2556.312404	1.728354	0.475729	7891.953613
2556.313460	1.666234	0.475729	9651.497070
2556.314343	1.615122	0.475729	11077.649414
2556.315232	1.565087	0.475729	12469.011719
2556.316329	0.578906	0.475729	13104.072266
2556.317291	0.090798	0.475729	13191.419922
2556.318158	0.090941	0.475729	13270.265625
2556.319183	0.091117	0.475729	13363.660156
2556.320212	0.091011	0.475729	13457.310547
2556.321105	0.091014	0.475729	13538.585937
2556.322039	0.091088	0.475729	13623.662109
2556.323110	0.091055	0.475729	13721.181641
2556.324056	0.090959	0.475729	13807.229492
2556.324921	0.090868	0.475729	13885.830078
2556.325990	0.091047	0.475729	13983.160156
2557.379354	1.546025	0.419670	785.380920
2557.380349	1.905267	0.419670	2681.121826
2557.381248	1.855089	0.419670	4348.846680
2557.382246	1.790731	0.419670	6135.996582
2557.383305	1.724952	0.419670	7962.721191
2557.384217	1.670266	0.419670	9486.003906
2557.385086	1.618542	0.419670	10892.517578
2557.386221	1.559879	0.419670	12662.980469
2557.387187	0.548763	0.419670	13193.085937
2557.388055	0.090868	0.419670	13271.958984
2557.389090	0.091051	0.419670	13366.197266
2557.390118	0.091069	0.419670	13459.816406
2557.391013	0.090868	0.419670	13541.143555
2557.391943	0.091095	0.419670	13625.862305
2557.393007	0.091143	0.419670	13722.837891
2557.393938	0.090985	0.419670	13807.544922
2557.394796	0.091007	0.419670	13885.628906
2557.395832	0.091106	0.419670	13980.014648
2557.396854	0.091000	0.419670	14073.016602
2558.395447	1.532457	0.481453	842.851562
2558.396511	1.901224	0.481453	2865.754150
2558.397412	1.848911	0.481453	4531.623047
2558.398273	1.789687	0.481453	6072.543945
2558.399395	1.723165	0.481453	8005.935547
2558.400372	1.665282	0.481453	9632.916016
2558.401233	1.616180	0.481453	11024.447266
2558.402299	1.558792	0.481453	12686.119141
2558.403372	0.402290	0.481453	13117.776367
2558.404248	0.090806	0.481453	13197.322266
2558.405184	0.091077	0.481453	13282.570312
2558.406252	0.091073	0.481453	13379.835937
2558.407197	0.090963	0.481453	13465.795898
2558.408065	0.091106	0.481453	13544.875977
2558.409111	0.091168	0.481453	13640.238281
2558.410126	0.090934	0.481453	13732.536133
2558.411014	0.091007	0.481453	13813.350586
2558.411975	0.091117	0.481453	13900.914062
2558.413025	0.091029	0.481453	13996.494141
2559.467211	1.472589	0.412403	643.521423
2559.468089	1.912405	0.412403	2322.613037
2559.468954	1.866519	0.412403	3937.151611
2559.470021	1.801018	0.412403	5858.837891
2559.470915	1.744105	0.412403	7418.067871
2559.471798	1.690990	0.412403	8911.211914
2559.472795	1.635110	0.412403	10541.416016
2559.473755	1.581636	0.412403	12059.786133
2559.474637	1.306739	0.412403	13212.330078
2559.475616	0.130660	0.412403	13340.247070
2559.476631	0.091029	0.412403	13432.641602
2559.477517	0.090970	0.412403	13513.241211
2559.478374	0.091040	0.412403	13591.262695
2559.479403	0.091132	0.412403	13685.037109
2559.480363	0.091044	0.412403	13772.439453
2559.481244	0.091040	0.412403	13852.645508
2559.482180	0.091121	0.412403	13937.934570
2559.483237	0.091055	0.412403	14034.179687
2559.484132	0.091003	0.412403	14115.627930
2560.482833	1.531230	0.475209	777.865051
2560.483743	1.909116	0.475209	2515.160645
2560.484631	1.861007	0.475209	4167.734863
2560.485606	1.798978	0.475209	5921.738770
2560.486620	1.734064	0.475209	7680.079102
2560.487517	1.680806	0.475209	9187.761719
2560.488499	1.625764	0.475209	10784.261719
2560.489536	1.569360	0.475209	12411.688477
2560.490460	0.886758	0.475209	13231.052734
2560.491319	0.093424	0.475209	13311.303711
2560.492408	0.091058	0.475209	13410.465820
2560.493391	0.091029	0.475209	13499.947266
2560.494268	0.091055	0.475209	13579.801758
2560.495271	0.091121	0.475209	13671.195312
2560.496313	0.090989	0.475209	13766.005859
2560.497196	0.090894	0.475209	13846.264648
2560.498063	0.090978	0.475209	13925.142578
2560.499156	0.091128	0.475209	14024.745117
2560.500137	0.091033	0.475209	14114.047852
2561.554108	1.449078	0.422200	611.511047
2561.555099	1.906553	0.422200	2500.904785
2561.556165	1.850750	0.422200	4473.803711
2561.557077	1.790918	0.422200	6107.121094
2561.557950	1.733730	0.422200	7620.667969
2561.559059	1.670105	0.422200	9472.814453
2561.560039	1.615525	0.422200	11056.029297
2561.560911	1.568196	0.422200	12423.496094
2561.561958	0.682017	0.422200	13137.567383
2561.563002	0.090967	0.422200	13232.537109
2561.563894	0.090938	0.422200	13313.653320
2561.564772	0.091022	0.422200	13393.570312
2561.565700	0.091073	0.422200	13478.085937
2561.566697	0.090959	0.422200	13568.772461
2561.567619	0.090978	0.422200	13652.654297
2561.568478	0.090901	0.422200	13730.738281
2561.569562	0.090941	0.422200	13829.318359
2561.570444	0.090941	0.422200	13909.528320
2561.571316	0.090923	0.422200	13988.813477
2562.569948	1.490716	0.473622	669.331665
2562.570820	1.911742	0.473622	2336.370605
2562.571690	1.867540	0.473622	3961.130859
2562.572774	1.799055	0.473622	5911.306641
2562.573685	1.740872	0.473622	7497.240723
2562.574567	1.687383	0.473622	8985.512695
2562.575434	1.635172	0.473622	10403.207031
2562.576504	1.579442	0.473622	12093.209961
2562.577405	1.225569	0.473622	13197.447266
2562.578285	0.114305	0.473622	13298.036133
2562.579293	0.091018	0.473622	13389.782227
2562.580210	0.090959	0.473622	13473.192383
2562.581131	0.090970	0.473622	13556.976562
2562.581991	0.090989	0.473622	13635.226562
2562.583025	0.091044	0.473622	13729.366211
2562.583904	0.090872	0.473622	13809.242187
2562.584767	0.090963	0.473622	13887.743164
2562.585797	0.091055	0.473622	13981.529297
2562.586738	0.090945	0.473622	14067.108398
2563.641877	1.535735	0.415924	767.867371
2563.642895	1.904059	0.415924	2706.199463
2563.643790	1.854108	0.415924	4365.625977
2563.644757	1.792211	0.415924	6098.693848
2563.645818	1.725117	0.415924	7929.042969
2563.646756	1.669504	0.415924	9495.038086
2563.647623	1.619099	0.415924	10898.796875
2563.648723	1.561245	0.415924	12616.166992
2563.649722	0.535258	0.415924	13150.889648
2563.650616	0.090901	0.415924	13232.155273
2563.651601	0.091106	0.415924	13321.894531
2563.652670	0.091077	0.415924	13419.255859
2563.653570	0.091014	0.415924	13501.168945
2563.654428	0.091003	0.415924	13579.250000
2563.655506	0.091077	0.415924	13677.430664
2563.656470	0.091003	0.415924	13765.158203
2563.657343	0.090927	0.415924	13844.537109
2563.658353	0.091051	0.415924	13936.499023
2563.659384	0.091084	0.415924	14030.406250
2564.657592	1.454495	0.466979	610.887756
2564.658670	1.904612	0.466979	2664.059326
2564.659664	1.848713	0.466979	4501.680176
2564.660564	1.790779	0.466979	6113.380859
2564.661562	1.728853	0.466979	7838.775391
2564.662613	1.667010	0.466979	9590.803711
2564.663509	1.615767	0.466979	11038.530273
2564.664397	1.565947	0.466979	12429.091797
2564.665502	0.599158	0.466979	13091.161133
2564.666456	0.090791	0.466979	13177.775391
2564.667328	0.091033	0.466979	13257.156250
2564.668368	0.091117	0.466979	13351.917969
2564.669401	0.091077	0.466979	13446.000000
2564.670298	0.090981	0.466979	13527.610352
2564.671250	0.091077	0.466979	13614.315430
2564.672293	0.091033	0.466979	13709.262695
2564.673231	0.090923	0.466979	13794.547852
2564.674093	0.090901	0.466979	13872.904297
2564.675149	0.091172	0.466979	13969.181641
2565.727168	1.453286	0.423658	616.193298
2565.728062	1.909091	0.423658	2322.920410
2565.729149	1.855946	0.423658	4340.333984
2565.730045	1.796847	0.423658	5950.308594
2565.730908	1.739414	0.423658	7451.422852
2565.732031	1.675415	0.423658	9332.914062
2565.732996	1.621446	0.423658	10897.610352
2565.733861	1.573733	0.423658	12258.889648
2565.734910	0.846028	0.423658	13146.373047
2565.735943	0.091340	0.423658	13240.727539
2565.736819	0.090916	0.423658	13320.369141
2565.737735	0.091033	0.423658	13403.754883
2565.738803	0.091095	0.423658	13501.043945
2565.739742	0.090989	0.423658	13586.482422
2565.740611	0.091044	0.423658	13665.599609
2565.741651	0.091044	0.423658	13760.285156
2565.742671	0.090945	0.423658	13853.048828
2565.743560	0.090831	0.423658	13933.797852
2565.744513	0.090989	0.423658	14020.509766
2566.745362	1.528550	0.477070	778.031860
2566.746307	1.907655	0.477070	2580.766113
2566.747173	1.859491	0.477070	4191.084961
2566.748207	1.793126	0.477070	6045.177734
2566.749236	1.728838	0.477070	7824.151855
2566.750131	1.675613	0.477070	9323.825195
2566.751085	1.622417	0.477070	10871.611328
2566.752144	1.564435	0.477070	12528.347656
2566.753094	0.712800	0.477070	13205.507812
2566.753960	0.091487	0.477070	13284.735352
2566.755025	0.091084	0.477070	13381.740234
2566.756024	0.091007	0.477070	13472.656250
2566.756913	0.091007	0.477070	13553.561523
2566.757893	0.091099	0.477070	13642.837891
2566.758932	0.090989	0.477070	13737.375000
2566.759834	0.090985	0.477070	13819.443359
2566.760691	0.091000	0.477070	13897.429687
2566.761778	0.091135	0.477070	13996.494141
2566.762772	0.090992	0.477070	14086.940430
2567.815687	1.516992	0.414393	758.496094
2567.816563	1.910402	0.414393	2432.007812
2567.817485	1.859747	0.414393	4146.694824
2567.818577	1.790889	0.414393	6102.345215
2567.819522	1.731672	0.414393	7738.775391
2567.820397	1.679227	0.414393	9208.099609
2567.821426	1.620886	0.414393	10875.991211
2567.822450	1.565907	0.414393	12479.480469
2567.823355	0.835496	0.414393	13235.603516
2567.824320	0.092509	0.414393	13324.874023
2567.825371	0.091007	0.414393	13420.522461
2567.826299	0.090963	0.414393	13504.936523
2567.827219	0.091073	0.414393	13588.723633
2567.828080	0.090985	0.414393	13667.061523
2567.829106	0.091000	0.414393	13760.427734
2567.829996	0.090916	0.414393	13841.342773
2567.830870	0.091033	0.414393	13920.905273
2567.831824	0.091102	0.414393	14007.816406
2567.832808	0.090992	0.414393	14097.352539
2568.833468	1.447416	0.477489	610.809509
2568.834483	1.906186	0.477489	2545.588867
2568.835540	1.850468	0.477489	4501.533203
2568.836431	1.791497	0.477489	6097.756836
2568.837307	1.734012	0.477489	7616.751953
2568.838408	1.671171	0.477489	9456.710937
2568.839363	1.617202	0.477489	11001.138672
2568.840277	1.567397	0.477489	12433.740234
2568.841159	0.924580	0.477489	13249.219727
2568.842193	0.091890	0.477489	13344.233398
2568.843091	0.090919	0.477489	13425.878906
2568.843965	0.091088	0.477489	13505.489258
2568.844835	0.091000	0.477489	13584.659180
2568.845875	0.091018	0.477489	13679.318359
2568.846764	0.090875	0.477489	13760.106445
2568.847642	0.090941	0.477489	13839.953125
2568.848645	0.090963	0.477489	13931.189453
2568.849565	0.090956	0.477489	14014.869141
2568.850480	0.091022	0.477489	14098.154297
2569.902794	1.469187	0.402594	640.565552
2569.903659	1.910621	0.402594	2293.252930
2569.904738	1.856202	0.402594	4296.095703
2569.905741	1.791288	0.402594	6092.757324
2569.906620	1.736206	0.402594	7618.882324
2569.907622	1.677594	0.402594	9299.831055
2569.908686	1.617389	0.402594	11020.732422
2569.909585	1.567786	0.402594	12430.171875
2569.910454	0.909210	0.402594	13220.275391
2569.911557	0.091538	0.402594	13321.242187
2569.912521	0.090864	0.402594	13408.834961
2569.913376	0.090985	0.402594	13486.626953
2569.914446	0.091069	0.402594	13584.071289
2569.915498	0.090967	0.402594	13679.768555
2569.916367	0.090963	0.402594	13758.815430
2569.917281	0.091025	0.402594	13842.012695
2569.918356	0.091095	0.402594	13939.939453
2569.919315	0.090916	0.402594	14027.126953
2569.920182	0.090996	0.402594	14106.020508
2570.921021	1.584221	0.473831	869.737488
2570.922081	1.900375	0.473831	2884.134521
2570.922962	1.849281	0.473831	4513.351074
2570.923901	1.788230	0.473831	6192.499023
2570.924968	1.721649	0.473831	8029.498535
2570.925908	1.666183	0.473831	9595.710937
2570.926778	1.616635	0.473831	11002.183594
2570.927829	1.560454	0.473831	12642.220703
2570.928858	0.482944	0.473831	13139.170898
2570.929754	0.090857	0.473831	13220.579102
2570.930716	0.091040	0.473831	13308.159180
2570.931765	0.090996	0.473831	13403.614258
2570.932687	0.090992	0.473831	13487.509766
2570.933548	0.091014	0.473831	13565.873047
2570.934609	0.091080	0.473831	13662.508789
2570.935595	0.090985	0.473831	13752.219727
2570.936486	0.090952	0.473831	13833.257812
2570.937479	0.091040	0.473831	13923.660156
2570.938522	0.091091	0.473831	14018.667969
2571.987230	1.495375	0.416411	783.576416
2571.988281	1.901404	0.416411	2781.951660
2571.989219	1.848695	0.416411	4516.027344
2571.990080	1.790486	0.416411	6057.635742
2571.991142	1.725710	0.416411	7890.340332
2571.992156	1.665575	0.416411	9579.233398
2571.993041	1.615551	0.416411	11008.996094
2571.994016	1.563245	0.416411	12533.159180
2571.995078	0.536829	0.416411	13103.271484
2571.995989	0.090916	0.416411	13186.095703
2571.996852	0.091025	0.416411	13264.650391
2571.997937	0.091073	0.416411	13363.464844
2571.998925	0.090992	0.416411	13453.365234
2571.999818	0.090952	0.416411	13534.585937
2572.000793	0.091044	0.416411	13623.353516
2572.001848	0.091047	0.416411	13719.408203
2572.002749	0.091055	0.416411	13801.448242
2572.003609	0.091073	0.416411	13879.771484
2572.004712	0.091091	0.416411	13980.245117
2573.009851	1.448207	0.455760	611.143250
2573.010891	1.905480	0.455760	2592.842041
2573.011937	1.848622	0.455760	4526.500488
2573.012817	1.790548	0.455760	6102.182617
2573.013772	1.731130	0.455760	7755.412109
2573.014844	1.667124	0.455760	9542.569336
2573.015775	1.614888	0.455760	11046.029297
2573.016645	1.567017	0.455760	12409.333984
2573.017719	0.659286	0.455760	13117.407227
2573.018718	0.090776	0.455760	13208.092773
2573.019608	0.091084	0.455760	13289.157227
2573.020582	0.091003	0.455760	13377.794922
2573.021627	0.091022	0.455760	13472.913086
2573.022546	0.090985	0.455760	13556.528320
2573.023411	0.090985	0.455760	13635.230469
2573.024497	0.091029	0.455760	13734.087891
2573.025476	0.090930	0.455760	13823.108398
2573.026371	0.090981	0.455760	13904.537109
2573.027375	0.091066	0.455760	13995.966797
2574.074638	1.530205	0.419481	765.102539
2574.075577	1.907582	0.419481	2556.321777
2574.076468	1.858638	0.419481	4212.368164
2574.077418	1.797971	0.419481	5920.440918
2574.078465	1.732225	0.419481	7734.081055
2574.079356	1.678583	0.419481	9229.698242
2574.080223	1.628511	0.419481	10641.617187
2574.081284	1.571840	0.419481	12309.338867
2574.082236	0.944751	0.419481	13208.742187
2574.083098	0.094563	0.419481	13290.255859
2574.084137	0.091139	0.419481	13384.949219
2574.085150	0.090967	0.419481	13477.098633
2574.086025	0.090872	0.419481	13556.611328
2574.086966	0.091025	0.419481	13642.266602
2574.088027	0.090985	0.419481	13738.801758
2574.088955	0.090996	0.419481	13823.246094
2574.089822	0.091014	0.419481	13902.155273
2574.090847	0.091007	0.419481	13995.437500
2574.091865	0.090963	0.419481	14088.038086
2575.098362	1.517157	0.474496	732.786804
2575.099247	1.910156	0.474496	2423.275146
2575.100195	1.859590	0.474496	4186.166504
2575.101263	1.790834	0.474496	6098.776855
2575.102213	1.731588	0.474496	7743.785645
2575.103077	1.679191	0.474496	9194.606445
2575.104145	1.619458	0.474496	10924.187500
2575.105161	1.564677	0.474496	12513.898437
2575.106048	0.832046	0.474496	13251.922852
2575.107034	0.092563	0.474496	13343.190430
2575.108076	0.091036	0.474496	13438.050781
2575.108986	0.091080	0.474496	13520.933594
2575.109843	0.090967	0.474496	13598.892578
2575.110925	0.091077	0.474496	13697.437500
2575.111910	0.090952	0.474496	13787.025391
2575.112783	0.091007	0.474496	13866.474609
2575.113769	0.090989	0.474496	13956.189453
2575.114838	0.091033	0.474496	14053.503906
2575.115734	0.090941	0.474496	14134.987305
2576.159942	1.459383	0.426917	626.075500
2576.160813	1.908677	0.426917	2288.532959
2576.161865	1.857466	0.426917	4242.586914
2576.162746	1.799802	0.426917	5828.212891
2576.163632	1.744303	0.426917	7373.665039
2576.164630	1.685021	0.426917	9055.315430
2576.165562	1.630349	0.426917	10574.800781
2576.166495	1.580453	0.426917	12049.363281
2576.167369	1.218384	0.426917	13114.230469
2576.168425	0.098617	0.426917	13218.370117
2576.169315	0.090912	0.426917	13299.281250
2576.170192	0.091003	0.426917	13379.090820
2576.171195	0.090978	0.426917	13470.341797
2576.172140	0.090956	0.426917	13556.294922
2576.173028	0.090989	0.426917	13637.092773
2576.173982	0.091084	0.426917	13723.987305
2576.175022	0.090996	0.426917	13818.623047
2576.175897	0.090916	0.426917	13898.173828
2576.176762	0.090923	0.426917	13976.822266
2577.185735	1.455461	0.469622	630.214783
2577.186597	1.910694	0.469622	2277.233398
2577.187657	1.857623	0.469622	4246.313965
2577.188603	1.796979	0.469622	5946.255859
2577.189469	1.741113	0.469622	7454.060059
2577.190510	1.679026	0.469622	9201.925781
2577.191537	1.620809	0.469622	10866.497070
2577.192438	1.572177	0.469622	12283.028320
2577.193419	0.909401	0.469622	13175.150391
2577.194462	0.091619	0.469622	13270.708984
2577.195390	0.090945	0.469622	13355.105469
2577.196256	0.091033	0.469622	13433.939453
2577.197328	0.091088	0.469622	13531.584961
2577.198332	0.090905	0.469622	13622.853516
2577.199229	0.090905	0.469622	13704.394531
2577.200204	0.091095	0.469622	13793.211914
2577.201255	0.090996	0.469622	13888.848633
2577.202163	0.090956	0.469622	13971.436523
2577.203021	0.091033	0.469622	14049.542969
2578.248165	1.507676	0.418845	699.561584
2578.249044	1.910603	0.418845	2378.981689
2578.250017	1.860037	0.418845	4188.797363
2578.251065	1.792661	0.418845	6067.506348
2578.251987	1.734364	0.418845	7666.589844
2578.252852	1.681300	0.418845	9120.914062
2578.253949	1.620355	0.418845	10898.443359
2578.254947	1.566266	0.418845	12461.576172
2578.255835	0.891680	0.418845	13253.387695
2578.256840	0.093208	0.418845	13347.061523
2578.257889	0.091058	0.418845	13442.582031
2578.258781	0.091018	0.418845	13523.770508
2578.259636	0.091099	0.418845	13601.660156
2578.260718	0.091066	0.418845	13700.193359
2578.261692	0.090974	0.418845	13788.801758
2578.262605	0.090970	0.418845	13871.857422
2578.263477	0.090981	0.418845	13951.193359
2578.264526	0.091062	0.418845	14046.717773
2578.265429	0.090974	0.418845	14128.867187
2579.272164	1.462039	0.467877	676.923828
2579.273052	1.910189	0.467877	2373.171875
2579.273983	1.861168	0.467877	4105.919434
2579.274984	1.797755	0.467877	5905.472168
2579.275867	1.741575	0.467877	7443.282715
2579.276750	1.686738	0.467877	8932.672852
2579.277850	1.626782	0.467877	10722.132812
2579.278734	1.578307	0.467877	12117.356445
2579.279600	1.256081	0.467877	13205.123047
2579.280651	0.103385	0.467877	13313.780273
2579.281617	0.090952	0.467877	13401.639648
2579.282480	0.091025	0.467877	13480.194336
2579.283357	0.091018	0.467877	13560.017578
2579.284464	0.091095	0.467877	13660.859375
2579.285367	0.090967	0.467877	13743.001953
2579.286232	0.091000	0.467877	13821.716797
2579.287269	0.091135	0.467877	13916.223633
2579.288248	0.090959	0.467877	14005.273437
2579.289122	0.091018	0.467877	14084.823242
2580.334810	1.507163	0.423131	672.194702
2580.335690	1.910782	0.423131	2353.683105
2580.336715	1.857400	0.423131	4257.518066
2580.337770	1.790277	0.423131	6146.260254
2580.338659	1.733478	0.423131	7687.321777
2580.339569	1.678019	0.423131	9214.318359
2580.340654	1.618096	0.423131	10969.952148
2580.341599	1.567115	0.423131	12450.875977
2580.342466	0.935054	0.423131	13261.567383
2580.343498	0.092021	0.423131	13356.533203
2580.344530	0.090948	0.423131	13450.391602
2580.345417	0.091025	0.423131	13531.130859
2580.346383	0.091033	0.423131	13619.068359
2580.347424	0.091106	0.423131	13713.909180
2580.348351	0.090934	0.423131	13798.205078
2580.349216	0.090996	0.423131	13876.916992
2580.350276	0.091080	0.423131	13973.461914
2580.351291	0.090963	0.423131	14065.789062
2580.352183	0.091051	0.423131	14147.006836
2581.359295	1.469381	0.454024	625.956360
2581.360408	1.902433	0.454024	2743.364258
2581.361383	1.848263	0.454024	4545.420410
2581.362248	1.790940	0.454024	6094.583496
2581.363351	1.723092	0.454024	7995.154297
2581.364392	1.661960	0.454024	9725.254883
2581.365270	1.611603	0.454024	11140.242187
2581.366151	1.564362	0.454024	12518.444336
2581.367104	0.765436	0.454024	13247.904297
2581.368078	0.090890	0.454024	13336.430664
2581.369002	0.090923	0.454024	13420.443359
2581.369879	0.090974	0.454024	13500.227539
2581.370916	0.090989	0.454024	13594.583008
2581.371821	0.090996	0.454024	13676.934570
2581.372701	0.091036	0.454024	13757.046875
2581.373558	0.091007	0.454024	13835.040039
2581.374621	0.090908	0.454024	13931.675781
2581.375507	0.091051	0.454024	14012.346680
2581.376373	0.091047	0.454024	14091.193359
2582.423108	1.575403	0.418841	886.951721
2582.424184	1.898632	0.418841	2929.879395
2582.425079	1.846359	0.418841	4582.370117
2582.425967	1.785923	0.418841	6168.269531
2582.427076	1.719027	0.418841	8074.670898
2582.428045	1.662642	0.418841	9685.770508
2582.428913	1.613540	0.418841	11086.323242
2582.429945	1.558337	0.418841	12694.527344
2582.430966	0.445529	0.418841	13149.412109
2582.431852	0.090791	0.418841	13229.852539
2582.432793	0.091033	0.418841	13315.514648
2582.433845	0.091088	0.418841	13411.338867
2582.434788	0.091025	0.418841	13497.175781
2582.435651	0.091018	0.418841	13575.724609
2582.436718	0.091066	0.418841	13672.891602
2582.437731	0.091007	0.418841	13765.082031
2582.438613	0.090956	0.418841	13845.304687
2582.439589	0.091117	0.418841	13934.234375
2582.440626	0.091099	0.418841	14028.704102
2583.445444	1.461859	0.467201	628.599426
2583.446483	1.904883	0.467201	2607.772705
2583.447509	1.849149	0.467201	4504.999512
2583.448398	1.790727	0.467201	6096.956055
2583.449343	1.731991	0.467201	7733.687500
2583.450412	1.668567	0.467201	9517.385742
2583.451350	1.615591	0.467201	11032.809570
2583.452213	1.568196	0.467201	12386.162109
2583.453276	0.714368	0.467201	13145.535156
2583.454295	0.090828	0.467201	13238.088867
2583.455172	0.091069	0.467201	13317.957031
2583.456138	0.091040	0.467201	13405.901367
2583.457197	0.091121	0.467201	13502.398437
2583.458100	0.091000	0.467201	13584.571289
2583.458964	0.090970	0.467201	13663.169922
2583.460013	0.091040	0.467201	13758.670898
2583.461025	0.090938	0.467201	13850.699219
2583.461922	0.090959	0.467201	13932.290039
2583.462901	0.091161	0.467201	14021.536133
2584.511186	1.466470	0.418204	658.444946
2584.512045	1.910977	0.418204	2299.973633
2584.513095	1.857447	0.418204	4250.293457
2584.514121	1.791357	0.418204	6088.226074
2584.515002	1.735276	0.418204	7617.003906
2584.515965	1.678392	0.418204	9233.295898
2584.517022	1.618015	0.418204	10943.538086
2584.517954	1.567592	0.418204	12404.533203
2584.518833	0.944315	0.418204	13234.585937
2584.519895	0.091747	0.418204	13332.021484
2584.520899	0.090952	0.418204	13423.337891
2584.521790	0.090941	0.418204	13504.366211
2584.522760	0.091011	0.418204	13592.646484
2584.523809	0.090992	0.418204	13688.097656
2584.524728	0.090846	0.418204	13771.584961
2584.525589	0.090959	0.418204	13849.901367
2584.526674	0.091080	0.418204	13948.723633
2584.527662	0.090938	0.418204	14038.570312
2584.528558	0.091003	0.418204	14120.109375
2585.533447	1.518603	0.457271	759.301697
2585.534389	1.907399	0.457271	2556.071289
2585.535257	1.859568	0.457271	4170.176270
2585.536321	1.791573	0.457271	6076.410156
2585.537343	1.727549	0.457271	7841.964844
2585.538240	1.673976	0.457271	9343.521484
2585.539186	1.621069	0.457271	10877.052734
2585.540238	1.564233	0.457271	12522.625977
2585.541178	0.726317	0.457271	13205.364258
2585.542036	0.091586	0.457271	13283.944336
2585.543105	0.091062	0.457271	13381.290039
2585.544108	0.091000	0.457271	13472.562500
2585.544984	0.091018	0.457271	13552.293945
2585.545965	0.091022	0.457271	13641.585937
2585.547008	0.091051	0.457271	13736.551758
2585.547904	0.091000	0.457271	13818.087891
2585.548769	0.090989	0.457271	13896.792969
2585.549832	0.091102	0.457271	13993.634766
2585.550838	0.090930	0.457271	14085.110352
2586.598585	1.446434	0.421093	608.948853
2586.599549	1.906838	0.421093	2447.141113
2586.600574	1.853749	0.421093	4347.233398
2586.601467	1.795770	0.421093	5950.856445
2586.602415	1.736517	0.421093	7597.074707
2586.603488	1.672350	0.421093	9391.505859
2586.604433	1.618953	0.421093	10921.416016
2586.605297	1.570935	0.421093	12278.704102
2586.606391	0.744174	0.421093	13092.830078
2586.607392	0.090857	0.421093	13183.778320
2586.608284	0.090853	0.421093	13264.819336
2586.609274	0.091077	0.421093	13354.985352
2586.610317	0.090985	0.421093	13449.882812
2586.611220	0.090853	0.421093	13531.922852
2586.612076	0.090989	0.421093	13609.809570
2586.613171	0.091088	0.421093	13709.550781
2586.614161	0.090934	0.421093	13799.575195
2586.615036	0.090996	0.421093	13879.197266
2586.616043	0.091095	0.421093	13970.929687
2587.620361	1.525891	0.458391	755.316162
2587.621245	1.909453	0.458391	2443.272949
2587.622139	1.859689	0.458391	4105.834961
2587.623235	1.790830	0.458391	6068.584961
2587.624195	1.731379	0.458391	7730.708984
2587.625064	1.678909	0.458391	9189.680664
2587.626119	1.619513	0.458391	10898.266602
2587.627142	1.564515	0.458391	12498.765625
2587.628046	0.808612	0.458391	13229.750977
2587.629000	0.092351	0.458391	13317.853516
2587.630032	0.090985	0.458391	13411.750000
2587.630959	0.091051	0.458391	13496.154297
2587.631820	0.090959	0.458391	13574.470703
2587.632881	0.091095	0.458391	13671.122070
2587.633900	0.090919	0.458391	13763.768555
2587.634774	0.090963	0.458391	13843.270508
2587.635750	0.091051	0.458391	13932.136719
2587.636788	0.091007	0.458391	14026.602539
2587.637696	0.091033	0.458391	14109.259766
2588.686342	1.477408	0.407743	738.704224
2588.687331	1.905473	0.407743	2623.216553
2588.688250	1.854247	0.407743	4327.269531
2588.689132	1.796580	0.407743	5911.852539
2588.690232	1.728706	0.407743	7813.429199
2588.691130	1.674441	0.407743	9317.077148
2588.692009	1.624409	0.407743	10744.932617
2588.692911	1.574517	0.407743	12165.146484
2588.693950	0.925265	0.407743	13126.497070
2588.694840	0.093417	0.407743	13209.637695
2588.695697	0.090996	0.407743	13287.621094
2588.696790	0.091000	0.407743	13387.083984
2588.697676	0.090985	0.407743	13467.697266
2588.698555	0.091088	0.407743	13547.763672
2588.699555	0.091102	0.407743	13638.866211
2588.700548	0.090916	0.407743	13729.145508
2588.701439	0.090941	0.407743	13810.173828
2588.702299	0.090974	0.407743	13888.411133
2588.703392	0.091055	0.407743	13987.933594
2589.707202	1.463613	0.472445	630.817322
2589.708089	1.910533	0.472445	2325.460449
2589.708957	1.863582	0.472445	3943.049316
2589.710077	1.796206	0.472445	5954.799805
2589.710981	1.738700	0.472445	7526.584473
2589.711850	1.686412	0.472445	8992.077148
2589.712948	1.623864	0.472445	10775.079102
2589.713916	1.571810	0.472445	12296.591797
2589.714795	1.077070	0.472445	13243.336914
2589.715862	0.093713	0.472445	13343.329102
2589.716888	0.090952	0.472445	13436.646484
2589.717785	0.090934	0.472445	13518.213867
2589.718711	0.090992	0.472445	13602.472656
2589.719767	0.091066	0.472445	13698.637695
2589.720702	0.090908	0.472445	13783.636719
2589.721561	0.090952	0.472445	13861.764648
2589.722600	0.091095	0.472445	13956.412109
2589.723615	0.091011	0.472445	14048.788086
2589.724491	0.090945	0.472445	14128.456055
2590.773264	1.529733	0.416548	775.574402
2590.774160	1.908541	0.416548	2485.627441
2590.775024	1.859268	0.416548	4092.034668
2590.776137	1.790372	0.416548	6084.719238
2590.777121	1.729373	0.416548	7786.421875
2590.777990	1.677341	0.416548	9244.031250
2590.779045	1.617762	0.416548	10950.770508
2590.780092	1.561897	0.416548	12586.076172
2590.780990	0.726592	0.416548	13238.555664
2590.781907	0.091652	0.416548	13322.600586
2590.782987	0.091091	0.416548	13420.979492
2590.783936	0.090941	0.416548	13507.282227
2590.784800	0.090978	0.416548	13585.886719
2590.785847	0.091095	0.416548	13681.262695
2590.786862	0.091036	0.416548	13773.665039
2590.787736	0.090992	0.416548	13853.192383
2590.788609	0.091011	0.416548	13932.644531
2590.789591	0.090963	0.416548	14021.970703
2590.790548	0.090963	0.416548	14109.022461
2591.793867	1.465137	0.476715	641.729858
2591.794739	1.910662	0.476715	2307.826660
2591.795601	1.866845	0.476715	3917.046631
2591.796663	1.801062	0.476715	5829.774414
2591.797561	1.743369	0.476715	7395.319824
2591.798444	1.690320	0.476715	8887.872070
2591.799378	1.636531	0.476715	10416.391602
2591.800384	1.582244	0.476715	12008.128906
2591.801265	1.340823	0.476715	13189.393555
2591.802147	0.141240	0.476715	13313.967773
2591.803255	0.090985	0.476715	13414.779297
2591.804129	0.091007	0.476715	13494.319336
2591.804994	0.091044	0.476715	13573.072266
2591.806017	0.091095	0.476715	13666.262695
2591.806995	0.090996	0.476715	13755.256836
2591.807873	0.090919	0.476715	13835.083984
2591.808731	0.091047	0.476715	13913.202148
2591.809822	0.091018	0.476715	14012.502930
2591.810725	0.091084	0.476715	14094.751953
2592.860123	1.504329	0.415960	681.460876
2592.861004	1.910222	0.415960	2364.366699
2592.861988	1.859081	0.415960	4193.702148
2592.863033	1.791907	0.415960	6066.244629
2592.863945	1.734368	0.415960	7647.988281
2592.864813	1.680081	0.415960	9106.297852
2592.865923	1.619465	0.415960	10903.904297
2592.866903	1.566907	0.415960	12439.472656
2592.867775	0.940649	0.415960	13259.718750
2592.868869	0.091512	0.415960	13359.833008
2592.869907	0.091007	0.415960	13454.298828
2592.870800	0.091011	0.415960	13535.571289
2592.871737	0.091121	0.415960	13620.951172
2592.872788	0.090981	0.415960	13716.572266
2592.873730	0.090846	0.415960	13802.149414
2592.874593	0.091007	0.415960	13880.688477
2592.875651	0.091128	0.415960	13977.101562
2592.876662	0.090894	0.415960	14068.995117
2592.877546	0.090883	0.415960	14149.334961
2593.882142	1.542810	0.470588	788.375977
2593.883170	1.902103	0.470588	2743.738037
2593.884062	1.852104	0.470588	4395.815430
2593.885035	1.790120	0.470588	6137.601562
2593.886087	1.723477	0.470588	7950.698730
2593.887026	1.667889	0.470588	9516.846680
2593.887890	1.617931	0.470588	10914.739258
2593.888949	1.561988	0.470588	12568.884766
2593.889957	0.575218	0.470588	13148.705078
2593.890837	0.090905	0.470588	13228.701172
2593.891816	0.091121	0.470588	13317.908203
2593.892872	0.091014	0.470588	13414.019531
2593.893782	0.091069	0.470588	13496.892578
2593.894648	0.091069	0.470588	13575.758789
2593.895740	0.091128	0.470588	13675.270508
2593.896729	0.091055	0.470588	13765.323242
2593.897632	0.091014	0.470588	13847.508789
2593.898605	0.091099	0.470588	13936.147461
2593.899673	0.091117	0.470588	14033.459961
2594.947767	1.448862	0.416597	609.971008
2594.948829	1.903327	0.416597	2631.303711
2594.949850	1.847029	0.416597	4517.120117
2594.950747	1.788834	0.416597	6121.704590
2594.951732	1.727893	0.416597	7823.679199
2594.952796	1.664909	0.416597	9595.141602
2594.953713	1.613309	0.416597	11074.545898
2594.954581	1.564471	0.416597	12432.506836
2594.955680	0.590255	0.416597	13081.197266
2594.956644	0.090835	0.416597	13168.761719
2594.957525	0.090952	0.416597	13248.890625
2594.958527	0.091018	0.416597	13340.090820
2594.959580	0.091018	0.416597	13435.932617
2594.960472	0.090989	0.416597	13517.094727
2594.961336	0.091014	0.416597	13595.731445
2594.962438	0.091113	0.416597	13696.138672
2594.963407	0.090883	0.416597	13784.204102
2594.964274	0.090905	0.416597	13863.018555
2594.965302	0.091025	0.416597	13956.592773
2595.968797	1.546278	0.464030	787.055542
2595.969811	1.902971	0.464030	2716.668457
2595.970686	1.853580	0.464030	4338.551270
2595.971680	1.789281	0.464030	6117.096680
2595.972746	1.723392	0.464030	7954.232910
2595.973646	1.669200	0.464030	9456.513672
2595.974521	1.617674	0.464030	10871.978516
2595.975629	1.560201	0.464030	12600.681641
2595.976618	0.573585	0.464030	13167.957031
2595.977485	0.090817	0.464030	13246.695312
2595.978527	0.091084	0.464030	13341.604492
2595.979564	0.090978	0.464030	13435.948242
2595.980457	0.090919	0.464030	13517.138672
2595.981379	0.090981	0.464030	13601.023437
2595.982446	0.091113	0.464030	13698.241211
2595.983394	0.090919	0.464030	13784.432617
2595.984259	0.090996	0.464030	13863.144531
2595.985306	0.091055	0.464030	13958.478516
2595.986316	0.090879	0.464030	14050.266602
2597.035842	1.544279	0.406873	866.340210
2597.036754	1.905040	0.406873	2603.736816
2597.037635	1.856671	0.406873	4239.463867
2597.038625	1.793441	0.406873	6014.970703
2597.039647	1.728593	0.406873	7781.592285
2597.040543	1.675631	0.406873	9282.958008
2597.041408	1.624871	0.406873	10688.470703
2597.042501	1.567672	0.406873	12401.936523
2597.043440	0.848324	0.406873	13198.512695
2597.044316	0.092340	0.406873	13279.402344
2597.045301	0.091055	0.406873	13369.090820
2597.046315	0.090948	0.406873	13461.312500
2597.047203	0.091036	0.406873	13542.152344
2597.048066	0.091029	0.406873	13620.709961
2597.049147	0.091143	0.406873	13719.235352
2597.050056	0.090967	0.406873	13801.923828
2597.050923	0.090901	0.406873	13880.735352
2597.051885	0.091113	0.406873	13968.386719
2597.052904	0.090974	0.406873	14061.088867
2598.056397	1.469268	0.462479	636.192871
2598.057278	1.910361	0.462479	2319.221191
2598.058144	1.863585	0.462479	3933.085937
2598.059256	1.796492	0.462479	5930.784668
2598.060161	1.738685	0.462479	7504.294922
2598.061033	1.684127	0.462479	8972.853516
2598.062153	1.622871	0.462479	10790.468750
2598.063110	1.571301	0.462479	12294.204102
2598.063994	1.057870	0.462479	13229.361328
2598.065046	0.093413	0.462479	13327.631836
2598.066062	0.090989	0.462479	13420.076172
2598.066954	0.091069	0.462479	13501.309570
2598.067881	0.091183	0.462479	13585.835937
2598.068936	0.091066	0.462479	13681.910156
2598.069875	0.090905	0.462479	13767.269531
2598.070737	0.090963	0.462479	13845.679687
2598.071797	0.091117	0.462479	13942.263672
2598.072815	0.090996	0.462479	14034.897461
2598.073692	0.090945	0.462479	14114.656250
2599.122445	1.521753	0.416573	770.007019
2599.123333	1.908347	0.416573	2464.619385
2599.124201	1.859213	0.416573	4078.416016
2599.125299	1.791526	0.416573	6045.511230
2599.126269	1.731204	0.416573	7724.778809
2599.127141	1.678762	0.416573	9188.659180
2599.128204	1.618630	0.416573	10909.263672
2599.129257	1.562545	0.416573	12554.624023
2599.130158	0.749982	0.416573	13230.357422
2599.131094	0.091813	0.416573	13316.293945
2599.132158	0.091011	0.416573	13413.128906
2599.133101	0.090923	0.416573	13498.869141
2599.133964	0.090989	0.416573	13577.392578
2599.135010	0.091139	0.416573	13672.723633
2599.136013	0.090908	0.416573	13763.904297
2599.136905	0.091033	0.416573	13845.105469
2599.137864	0.091113	0.416573	13932.483398
2599.138908	0.091113	0.416573	14027.605469
2599.139834	0.091033	0.416573	14111.901367
2600.144061	1.465675	0.475906	625.843262
2600.145141	1.902850	0.475906	2680.921631
2600.146120	1.847714	0.475906	4489.833008
2600.147016	1.790032	0.475906	6093.701660
2600.148004	1.728098	0.475906	7801.062500
2600.149076	1.665776	0.475906	9586.774414
2600.149970	1.614899	0.475906	11030.494141
2600.150847	1.567712	0.475906	12405.377930
2600.151755	0.886589	0.475906	13210.401367
2600.152784	0.091208	0.475906	13304.254883
2600.153675	0.090952	0.475906	13385.292969
2600.154553	0.090908	0.475906	13465.110352
2600.155565	0.091073	0.475906	13557.276367
2600.156474	0.091007	0.475906	13640.001953
2600.157397	0.090996	0.475906	13723.991211
2600.158254	0.091025	0.475906	13802.000000
2600.159288	0.090919	0.475906	13896.010742
2600.160161	0.091066	0.475906	13975.510742
2600.161033	0.091011	0.475906	14054.872070
2601.208097	1.545623	0.415489	785.176270
2601.209119	1.902004	0.415489	2729.024902
2601.210015	1.851815	0.415489	4388.250977
2601.210971	1.790288	0.415489	6099.766602
2601.212031	1.723623	0.415489	7926.807129
2601.212956	1.668922	0.415489	9470.560547
2601.213832	1.618645	0.415489	10888.493164
2601.214920	1.560879	0.415489	12586.729492
2601.215930	0.533470	0.415489	13125.535156
2601.216823	0.090886	0.415489	13206.696289
2601.217806	0.091121	0.415489	13296.267578
2601.218861	0.090952	0.415489	13392.221680
2601.219758	0.090908	0.415489	13473.766602
2601.220619	0.090963	0.415489	13552.085937
2601.221709	0.091194	0.415489	13651.487305
2601.222702	0.090978	0.415489	13741.828125
2601.223581	0.090992	0.415489	13821.810547
2601.224582	0.091117	0.415489	13913.018555
2601.225640	0.091095	0.415489	14009.397461
2602.232326	1.538437	0.463684	752.295959
2602.233212	1.908596	0.463684	2443.312256
2602.234178	1.857242	0.463684	4237.408203
2602.235234	1.789204	0.463684	6126.807617
2602.236165	1.730739	0.463684	7738.125000
2602.237027	1.678228	0.463684	9184.756836
2602.238097	1.619147	0.463684	10917.244141
2602.239115	1.563981	0.463684	12509.376953
2602.239998	0.831863	0.463684	13243.912109
2602.240982	0.092479	0.463684	13334.912109
2602.242026	0.091102	0.463684	13430.022461
2602.242940	0.091025	0.463684	13513.219727
2602.243809	0.090989	0.463684	13592.289062
2602.244885	0.091084	0.463684	13690.295898
2602.245881	0.090941	0.463684	13780.873047
2602.246778	0.090974	0.463684	13862.476562
2602.247762	0.091124	0.463684	13952.142578
2602.248822	0.091132	0.463684	14048.742187
2602.249716	0.090985	0.463684	14130.083008
2603.294787	1.577520	0.415138	884.988464
2603.295784	1.901243	0.415138	2780.527588
2603.296674	1.851013	0.415138	4427.929199
2603.297537	1.792771	0.415138	5975.090820
2603.298643	1.726282	0.415138	7884.358398
2603.299555	1.671079	0.415138	9408.382812
2603.300442	1.621483	0.415138	10846.638672
2603.301452	1.567778	0.415138	12430.094727
2603.302456	0.726478	0.415138	13159.478516
2603.303343	0.091381	0.415138	13240.533203
2603.304200	0.091055	0.415138	13318.567383
2603.305305	0.091055	0.415138	13419.182617
2603.306207	0.090981	0.415138	13501.248047
2603.307064	0.091062	0.415138	13579.288086
2603.308127	0.091150	0.415138	13676.180664
2603.309128	0.090905	0.415138	13767.175781
2603.310020	0.090996	0.415138	13848.344727
2603.311010	0.091135	0.415138	13938.568359
2603.312060	0.091132	0.415138	14034.256836
2604.319426	1.466656	0.470572	633.595581
2604.320301	1.910354	0.470572	2305.155273
2604.321282	1.860619	0.470572	4130.422363
2604.322288	1.795554	0.470572	5936.750000
2604.323190	1.739037	0.470572	7505.361328
2604.324204	1.679440	0.470572	9208.313477
2604.325267	1.619290	0.470572	10929.618164
2604.326169	1.569408	0.470572	12345.224609
2604.327039	0.965230	0.470572	13184.974609
2604.328152	0.092091	0.470572	13287.471680
2604.329107	0.090978	0.470572	13374.355469
2604.329970	0.091003	0.470572	13452.891602
2604.331028	0.091051	0.470572	13549.223633
2604.332055	0.091058	0.470572	13642.740234
2604.332937	0.090956	0.470572	13722.962891
2604.333851	0.091011	0.470572	13806.146484
2604.334910	0.091073	0.470572	13902.592773
2604.335869	0.090897	0.470572	13989.763672
2604.336735	0.090974	0.470572	14068.546875
2605.382600	1.469817	0.408890	643.779785
2605.383467	1.908600	0.408890	2298.535889
2605.384575	1.852698	0.408890	4351.325195
2605.385574	1.787864	0.408890	6137.401367
2605.386476	1.731742	0.408890	7699.432617
2605.387486	1.672313	0.408890	9388.468750
2605.388548	1.613361	0.408890	11101.857422
2605.389450	1.563622	0.408890	12512.244141
2605.390350	0.798926	0.408890	13231.277344
2605.391435	0.091095	0.408890	13330.115234
2605.392382	0.090875	0.408890	13416.173828
2605.393241	0.090959	0.408890	13494.307617
2605.394265	0.091172	0.408890	13587.667969
2605.395288	0.091040	0.408890	13680.801758
2605.396168	0.090927	0.408890	13760.817383
2605.397081	0.091033	0.408890	13843.930664
2605.398165	0.091058	0.408890	13942.637695
2605.399101	0.090970	0.408890	14027.786133
2605.399958	0.090923	0.408890	14105.707031
2606.406585	1.451221	0.457899	612.415161
2606.407632	1.903813	0.457899	2605.708008
2606.408656	1.847450	0.457899	4497.496582
2606.409553	1.789446	0.457899	6102.629395
2606.410525	1.729255	0.457899	7783.465820
2606.411603	1.665271	0.457899	9578.627930
2606.412522	1.612690	0.457899	11060.690430
2606.413451	1.563424	0.457899	12513.111328
2606.414327	0.824286	0.457899	13235.185547
2606.415380	0.090959	0.457899	13330.965820
2606.416265	0.090941	0.457899	13411.449219
2606.417140	0.090996	0.457899	13491.070312
2606.418134	0.090985	0.457899	13581.509766
2606.419076	0.091066	0.457899	13667.293945
2606.419996	0.091058	0.457899	13751.067383
2606.420856	0.091095	0.457899	13829.409180
2606.421903	0.090992	0.457899	13924.678711
2606.422783	0.090941	0.457899	14004.707031
2606.423657	0.091003	0.457899	14084.244141
2607.470370	1.507745	0.412955	794.581848
2607.471439	1.899016	0.412955	2824.630127
2607.472373	1.845798	0.412955	4548.605469
2607.473244	1.787241	0.412955	6105.292480
2607.474336	1.720796	0.412955	7984.401367
2607.475337	1.661591	0.412955	9647.653320
2607.476236	1.611456	0.412955	11096.352539
2607.477236	1.558934	0.412955	12655.287109
2607.478279	0.461744	0.412955	13136.886719
2607.479168	0.090828	0.412955	13217.632812
2607.480023	0.091121	0.412955	13295.541016
2607.481125	0.091110	0.412955	13395.943359
2607.482094	0.090901	0.412955	13484.026367
2607.482952	0.090930	0.412955	13562.044922
2607.484048	0.091106	0.412955	13661.897461
2607.485078	0.091066	0.412955	13755.695312
2607.485964	0.091139	0.412955	13836.444336
2607.486858	0.091062	0.412955	13917.853516
2607.487953	0.091102	0.412955	14017.610352
2608.494603	1.524635	0.454153	768.416016
2608.495528	1.906729	0.454153	2532.139893
2608.496397	1.858685	0.454153	4147.337402
2608.497455	1.791229	0.454153	6042.458008
2608.498481	1.726813	0.454153	7814.167969
2608.499387	1.673481	0.454153	9330.341797
2608.500355	1.619539	0.454153	10898.054687
2608.501417	1.562007	0.454153	12556.906250
2608.502348	0.699624	0.454153	13208.255859
2608.503211	0.091417	0.454153	13287.149414
2608.504319	0.091121	0.454153	13388.111328
2608.505303	0.091022	0.454153	13477.676758
2608.506194	0.091022	0.454153	13558.777344
2608.507183	0.091124	0.454153	13648.899414
2608.508230	0.091073	0.454153	13744.252930
2608.509113	0.091124	0.454153	13824.715820
2608.509973	0.091040	0.454153	13903.009766
2608.511072	0.091099	0.454153	14003.126953
2608.512028	0.090908	0.454153	14090.035156
2609.557790	1.545824	0.411175	785.278564
2609.558727	1.905487	0.411175	2570.719971
2609.559610	1.857242	0.411175	4210.665039
2609.560571	1.795759	0.411175	5936.389648
2609.561609	1.729852	0.411175	7731.976562
2609.562512	1.676166	0.411175	9245.554687
2609.563484	1.622106	0.411175	10822.241211
2609.564548	1.564398	0.411175	12486.760742
2609.565491	0.752446	0.411175	13196.317383
2609.566350	0.091791	0.411175	13275.166016
2609.567418	0.091088	0.411175	13372.447266
2609.568425	0.090934	0.411175	13464.017578
2609.569316	0.091051	0.411175	13545.144531
2609.570302	0.091066	0.411175	13634.935547
2609.571355	0.091084	0.411175	13730.846680
2609.572265	0.090938	0.411175	13813.599609
2609.573127	0.090981	0.411175	13892.025391
2609.574211	0.091051	0.411175	13990.724609
2609.575209	0.091007	0.411175	14081.549805
2610.580768	1.545480	0.462012	783.558228
2610.581773	1.902037	0.462012	2695.105713
2610.582663	1.853086	0.462012	4344.352051
2610.583678	1.788212	0.462012	6159.386719
2610.584731	1.722799	0.462012	7973.494141
2610.585616	1.669508	0.462012	9451.008789
2610.586509	1.617414	0.462012	10895.359375
2610.587599	1.560282	0.462012	12596.066406
2610.588557	0.617216	0.462012	13187.359375
2610.589423	0.091088	0.462012	13266.241211
2610.590436	0.091058	0.462012	13358.483398
2610.591474	0.090967	0.462012	13452.907227
2610.592363	0.091029	0.462012	13533.832031
2610.593299	0.091106	0.462012	13619.107422
2610.594365	0.091099	0.462012	13716.218750
2610.595301	0.091091	0.462012	13801.480469
2610.596170	0.090985	0.462012	13880.546875
2610.597235	0.091069	0.462012	13977.536133
2610.598249	0.091033	0.462012	14069.843750
2611.646140	1.455835	0.403831	618.729858
2611.647211	1.902393	0.403831	2656.192383
2611.648219	1.846794	0.403831	4517.761230
2611.649118	1.788453	0.403831	6125.581055
2611.650098	1.727809	0.403831	7818.833984
2611.651152	1.665575	0.403831	9574.349609
2611.652072	1.613350	0.403831	11058.630859
2611.652941	1.564219	0.403831	12417.937500
2611.654058	0.581342	0.403831	13067.295898
2611.655025	0.090868	0.403831	13155.165039
2611.655949	0.090985	0.403831	13239.235352
2611.656812	0.090842	0.403831	13317.631836
2611.657829	0.091033	0.403831	13410.211914
2611.658725	0.090959	0.403831	13491.711914
2611.659628	0.091007	0.403831	13573.891602
2611.660502	0.091007	0.403831	13653.431641
2611.661534	0.090974	0.403831	13747.317383
2611.662428	0.090941	0.403831	13828.619141
2611.663307	0.090934	0.403831	13908.549805
2612.668125	1.501410	0.463519	683.141479
2612.669010	1.908900	0.463519	2372.518066
2612.669885	1.864406	0.463519	4003.873047
2612.670875	1.802142	0.463519	5787.994141
2612.671813	1.741458	0.463519	7421.481445
2612.672741	1.686215	0.463519	8986.289062
2612.673612	1.635513	0.463519	10410.820312
2612.674664	1.579248	0.463519	12072.189453
2612.675550	1.281592	0.463519	13207.679687
2612.676410	0.125955	0.463519	13316.000977
2612.677466	0.090963	0.463519	13412.057617
2612.678405	0.090978	0.463519	13497.485352
2612.679275	0.091029	0.463519	13576.680664
2612.680221	0.091146	0.463519	13662.905273
2612.681262	0.090981	0.463519	13757.617187
2612.682152	0.091014	0.463519	13838.620117
2612.683016	0.090948	0.463519	13917.199219
2612.684057	0.091084	0.463519	14012.017578
2612.685005	0.090989	0.463519	14098.275391
2613.734630	1.502941	0.409124	703.376221
2613.735506	1.909211	0.409124	2375.845215
2613.736506	1.857978	0.409124	4233.823730
2613.737565	1.789482	0.409124	6128.885742
2613.738484	1.731251	0.409124	7719.905762
2613.739346	1.677949	0.409124	9166.297852
2613.740418	1.618403	0.409124	10901.226562
2613.741420	1.563878	0.409124	12468.232422
2613.742327	0.836558	0.409124	13226.990234
2613.743310	0.092461	0.409124	13317.878906
2613.744362	0.091040	0.409124	13413.653320
2613.745255	0.090978	0.409124	13494.896484
2613.746122	0.091069	0.409124	13573.853516
2613.747246	0.091099	0.409124	13676.248047
2613.748202	0.090956	0.409124	13763.202148
2613.749073	0.090974	0.409124	13842.440430
2613.750131	0.091168	0.409124	13938.896484
2613.751169	0.090985	0.409124	14033.338867
2613.752065	0.090938	0.409124	14114.819336
2614.753793	1.512253	0.468103	745.540955
2614.754742	1.906047	0.468103	2554.379883
2614.755616	1.858242	0.468103	4178.483398
2614.756672	1.790387	0.468103	6069.131836
2614.757718	1.725516	0.468103	7874.021973
2614.758622	1.671442	0.468103	9385.004883
2614.759570	1.618652	0.468103	10919.487305
2614.760624	1.561439	0.468103	12565.244141
2614.761565	0.672986	0.468103	13198.523437
2614.762424	0.091263	0.468103	13276.918945
2614.763481	0.091154	0.468103	13373.268555
2614.764492	0.091011	0.468103	13465.280273
2614.765369	0.090930	0.468103	13545.026367
2614.766335	0.091124	0.468103	13633.052734
2614.767386	0.091117	0.468103	13728.816406
2614.768304	0.090970	0.468103	13812.327148
2614.769161	0.091025	0.468103	13890.335937
2614.770222	0.091132	0.468103	13987.026367
2614.771237	0.091033	0.468103	14079.424805
2615.822878	1.500699	0.402784	784.865784
2615.823941	1.899104	0.402784	2803.613281
2615.824874	1.846187	0.402784	4526.105469
2615.825739	1.787823	0.402784	6072.572754
2615.826834	1.721561	0.402784	7957.682617
2615.827842	1.661883	0.402784	9632.861328
2615.828737	1.611940	0.402784	11075.546875
2615.829757	1.558114	0.402784	12664.823242
2615.830821	0.419806	0.402784	13111.497070
2615.831711	0.090743	0.402784	13192.258789
2615.832581	0.091084	0.402784	13271.501953
2615.833670	0.091066	0.402784	13370.672852
2615.834631	0.090916	0.402784	13458.042969
2615.835491	0.091011	0.402784	13536.312500
2615.836547	0.091091	0.402784	13632.504883
2615.837579	0.091040	0.402784	13726.458008
2615.838460	0.090952	0.402784	13806.586914
2615.839377	0.091062	0.402784	13890.090820
2615.840452	0.091077	0.402784	13987.998047
2616.839736	1.581661	0.480385	862.005432
2616.840786	1.899122	0.480385	2856.083984
2616.841684	1.847607	0.480385	4515.235352
2616.842615	1.786853	0.480385	6178.795410
2616.843691	1.719836	0.480385	8029.339355
2616.844651	1.663722	0.480385	9626.512695
2616.845521	1.614353	0.480385	11031.000000
2616.846580	1.557989	0.480385	12680.911133
2616.847589	0.470193	0.480385	13155.335937
2616.848478	0.090861	0.480385	13236.111328
2616.849438	0.091040	0.480385	13323.509766
2616.850473	0.091088	0.480385	13417.785156
2616.851390	0.090981	0.480385	13501.214844
2616.852247	0.091003	0.480385	13579.205078
2616.853304	0.091132	0.480385	13675.531250
2616.854323	0.090967	0.480385	13768.226562
2616.855196	0.090941	0.480385	13847.618164
2616.856156	0.091047	0.480385	13935.023437
2616.857218	0.091040	0.480385	14031.708008
2617.910989	1.478661	0.395593	647.653442
2617.911873	1.909321	0.395593	2335.493408
2617.912738	1.862831	0.395593	3946.842285
2617.913858	1.794983	0.395593	5957.223145
2617.914773	1.736689	0.395593	7546.293945
2617.915643	1.682292	0.395593	9009.888672
2617.916741	1.622446	0.395593	10791.334961
2617.917730	1.568903	0.395593	12342.979492
2617.918606	1.019114	0.395593	13235.722656
2617.919692	0.092303	0.395593	13335.963867
2617.920716	0.090970	0.395593	13429.117187
2617.921607	0.090952	0.395593	13510.155273
2617.922537	0.091033	0.395593	13594.815430
2617.923603	0.091018	0.395593	13691.840820
2617.924537	0.091033	0.395593	13776.865234
2617.925396	0.090890	0.395593	13854.939453
2617.926457	0.091117	0.395593	13951.614258
2617.927481	0.091029	0.395593	14044.828125
2617.928359	0.090945	0.395593	14124.677734
2618.926604	1.529722	0.472228	772.509399
2618.927594	1.903283	0.472228	2656.759277
2618.928490	1.853910	0.472228	4317.862305
2618.929477	1.789904	0.472228	6084.497070
2618.930540	1.724714	0.472228	7917.868652
2618.931437	1.670581	0.472228	9416.379883
2618.932316	1.618967	0.472228	10839.452148
2618.933415	1.561589	0.472228	12555.638672
2618.934388	0.646183	0.472228	13184.375000
2618.935250	0.091326	0.472228	13263.097656
2618.936291	0.091113	0.472228	13357.946289
2618.937322	0.091055	0.472228	13451.823242
2618.938206	0.091069	0.472228	13532.328125
2618.939151	0.091113	0.472228	13618.429687
2618.940219	0.091033	0.472228	13715.652344
2618.941151	0.091003	0.472228	13800.467773
2618.942008	0.091051	0.472228	13878.498047
2618.943061	0.091110	0.472228	13974.436523
2618.944071	0.090963	0.472228	14066.309570
2619.998653	1.450320	0.390985	619.286621
2619.999514	1.908278	0.390985	2262.313721
2620.000587	1.855942	0.390985	4253.739746
2620.001485	1.797642	0.390985	5868.021973
2620.002368	1.741992	0.390985	7406.201172
2620.003352	1.684244	0.390985	9063.498047
2620.004315	1.628489	0.390985	10631.732422
2620.005237	1.578483	0.390985	12087.093750
2620.006107	1.276446	0.390985	13197.602539
2620.007163	0.104015	0.390985	13307.442383
2620.008037	0.090970	0.390985	13386.950195
2620.008914	0.091029	0.390985	13466.782227
2620.009829	0.091025	0.390985	13550.070312
2620.010817	0.090989	0.390985	13639.966797
2620.011742	0.090934	0.390985	13724.081055
2620.012604	0.091124	0.390985	13802.629883
2620.013700	0.091110	0.390985	13902.486328
2620.014604	0.091113	0.390985	13984.852539
2620.015482	0.090989	0.390985	14064.740234
2621.014975	1.450078	0.465629	614.833130
2621.015869	1.907186	0.465629	2319.857666
2621.016952	1.854404	0.465629	4328.177734
2621.017847	1.795781	0.465629	5935.401855
2621.018707	1.740912	0.465629	7432.585937
2621.019785	1.677037	0.465629	9240.432617
2621.020748	1.621802	0.465629	10802.227539
2621.021629	1.574278	0.465629	12189.166992
2621.022500	1.051274	0.465629	13104.827148
2621.023638	0.092944	0.465629	13210.597656
2621.024535	0.090970	0.465629	13292.198242
2621.025401	0.091044	0.465629	13371.041992
2621.026447	0.091194	0.465629	13466.430664
2621.027430	0.091040	0.465629	13555.922852
2621.028298	0.091058	0.465629	13634.961914
2621.029353	0.091121	0.465629	13731.093750
2621.030385	0.091099	0.465629	13825.107422
2621.031281	0.090981	0.465629	13906.626953
2621.032210	0.091062	0.465629	13991.223633
2622.086188	1.558015	0.400528	819.515930
2622.087208	1.900800	0.400528	2758.331543
2622.088089	1.851504	0.400528	4389.506348
2622.089104	1.786791	0.400528	6203.098633
2622.090152	1.721495	0.400528	8007.225586
2622.091054	1.667406	0.400528	9511.225586
2622.091915	1.616287	0.400528	10902.848633
2622.093000	1.560238	0.400528	12595.707031
2622.093980	0.590717	0.400528	13174.609375
2622.094843	0.090897	0.400528	13253.053711
2622.095903	0.091062	0.400528	13349.579102
2622.096942	0.091062	0.400528	13444.192383
2622.097832	0.091051	0.400528	13525.227539
2622.098746	0.091036	0.400528	13608.434570
2622.099816	0.091106	0.400528	13705.917969
2622.100766	0.090883	0.400528	13792.256836
2622.101629	0.090938	0.400528	13870.736328
2622.102676	0.091091	0.400528	13966.109375
2622.103708	0.090934	0.400528	14059.953125
2623.101630	1.457860	0.464631	618.132690
2623.102692	1.902517	0.464631	2638.605713
2623.103720	1.846732	0.464631	4537.046387
2623.104599	1.788721	0.464631	6109.332031
2623.105580	1.727948	0.464631	7804.449219
2623.106621	1.665919	0.464631	9538.670898
2623.107542	1.614133	0.464631	11025.288086
2623.108415	1.565478	0.464631	12391.951172
2623.109509	0.643433	0.464631	13095.866211
2623.110485	0.090905	0.464631	13184.588867
2623.111378	0.090890	0.464631	13265.753906
2623.112363	0.091124	0.464631	13355.511719
2623.113412	0.091011	0.464631	13450.982422
2623.114306	0.090985	0.464631	13532.323242
2623.115208	0.090978	0.464631	13614.384766
2623.116092	0.090996	0.464631	13694.825195
2623.117042	0.091029	0.464631	13781.302734
2623.117981	0.090923	0.464631	13866.679687
2623.118877	0.091018	0.464631	13948.231445
2624.173548	1.511697	0.396886	710.497498
2624.174433	1.908834	0.396886	2399.815674
2624.175397	1.858304	0.396886	4191.221191
2624.176454	1.790182	0.396886	6083.443359
2624.177390	1.731332	0.396886	7703.969727
2624.178262	1.678000	0.396886	9167.186523
2624.179344	1.618136	0.396886	10918.009766
2624.180334	1.564640	0.396886	12467.002930
2624.181231	0.861050	0.396886	13239.364258
2624.182238	0.092736	0.396886	13332.749023
2624.183277	0.091007	0.396886	13427.305664
2624.184174	0.091044	0.396886	13508.971680
2624.185033	0.091124	0.396886	13587.247070
2624.186108	0.091069	0.396886	13685.146484
2624.187064	0.091007	0.396886	13772.149414
2624.187937	0.091018	0.396886	13851.608398
2624.188937	0.091058	0.396886	13942.666992
2624.189992	0.091069	0.396886	14038.745117
2624.190879	0.091055	0.396886	14119.510742
2625.188938	1.590776	0.470548	898.788635
2625.189974	1.898968	0.470548	2866.119873
2625.190863	1.847959	0.470548	4508.955566
2625.191793	1.787542	0.470548	6171.369141
2625.192857	1.721375	0.470548	8002.911621
2625.193800	1.665645	0.470548	9573.614258
2625.194661	1.616737	0.470548	10965.625000
2625.195701	1.561545	0.470548	12589.631836
2625.196729	0.551016	0.470548	13156.076172
2625.197604	0.090714	0.470548	13235.451172
2625.198561	0.091106	0.470548	13322.639648
2625.199615	0.091011	0.470548	13418.565430
2625.200549	0.091007	0.470548	13503.566406
2625.201411	0.091033	0.470548	13582.036133
2625.202474	0.091190	0.470548	13678.971680
2625.203476	0.090945	0.470548	13770.098633
2625.204371	0.091047	0.470548	13851.585937
2625.205332	0.091110	0.470548	13939.142578
2625.206397	0.091113	0.470548	14036.177734
2626.260668	1.450972	0.407593	610.859070
2626.261570	1.906908	0.407593	2330.890137
2626.262655	1.851702	0.407593	4339.986328
2626.263634	1.789325	0.407593	6091.735352
2626.264507	1.734349	0.407593	7605.822266
2626.265547	1.672445	0.407593	9345.165039
2626.266585	1.614305	0.407593	11020.814453
2626.267481	1.566196	0.407593	12424.125977
2626.268444	0.806147	0.407593	13200.446289
2626.269513	0.091095	0.407593	13297.827148
2626.270442	0.091018	0.407593	13382.382812
2626.271304	0.090897	0.407593	13460.736328
2626.272367	0.091132	0.407593	13557.609375
2626.273368	0.091047	0.407593	13648.748047
2626.274259	0.090923	0.407593	13729.760742
2626.275225	0.091121	0.407593	13817.783203
2626.276265	0.091110	0.407593	13912.537109
2626.277182	0.090923	0.407593	13995.913086
2626.278046	0.090978	0.407593	14074.517578
2627.276538	1.515509	0.471640	733.506348
2627.277416	1.908581	0.471640	2409.240723
2627.278387	1.857067	0.471640	4212.452148
2627.279458	1.788776	0.471640	6128.230957
2627.280379	1.730365	0.471640	7721.897461
2627.281247	1.677568	0.471640	9178.027344
2627.282313	1.618103	0.471640	10902.924805
2627.283330	1.562900	0.471640	12492.394531
2627.284227	0.822576	0.471640	13230.245117
2627.285208	0.092457	0.471640	13320.945312
2627.286266	0.090992	0.471640	13417.214844
2627.287171	0.090989	0.471640	13499.559570
2627.288039	0.091058	0.471640	13578.598633
2627.289154	0.091194	0.471640	13680.279297
2627.290119	0.091000	0.471640	13768.093750
2627.290987	0.091124	0.471640	13847.189453
2627.292087	0.091062	0.471640	13947.357422
2627.293107	0.091000	0.471640	14040.176758
2627.294003	0.091022	0.471640	14121.732422
2628.348348	1.453085	0.397571	617.560974
2628.349345	1.904590	0.397571	2516.437012
2628.350281	1.855639	0.397571	4253.314453
2628.351166	1.798652	0.397571	5845.121582
2628.352146	1.737737	0.397571	7548.103516
2628.353164	1.676158	0.397571	9254.432617
2628.354065	1.625208	0.397571	10718.744141
2628.354932	1.576611	0.397571	12085.666016
2628.356040	0.908386	0.397571	13092.158203
2628.356963	0.092673	0.397571	13177.695312
2628.357836	0.090831	0.397571	13256.991211
2628.358831	0.091139	0.397571	13347.674805
2628.359831	0.091051	0.397571	13438.725586
2628.360710	0.091055	0.397571	13518.762695
2628.361564	0.090974	0.397571	13596.455078
2628.362609	0.091143	0.397571	13691.699219
2628.363546	0.090978	0.397571	13776.945312
2628.364428	0.090905	0.397571	13857.123047
2628.365378	0.091011	0.397571	13943.583008
2629.362930	1.509009	0.465803	718.288147
2629.363817	1.908116	0.465803	2410.787354
2629.364683	1.862607	0.465803	4023.805420
2629.365747	1.795287	0.465803	5933.990723
2629.366707	1.735100	0.465803	7599.687012
2629.367579	1.682450	0.465803	9066.783203
2629.368625	1.623175	0.465803	10764.624023
2629.369637	1.568650	0.465803	12352.097656
2629.370541	0.965720	0.465803	13225.108398
2629.371494	0.095142	0.465803	13315.778320
2629.372549	0.091062	0.465803	13411.848633
2629.373467	0.090883	0.465803	13495.279297
2629.374323	0.091014	0.465803	13573.187500
2629.375383	0.091201	0.465803	13669.860352
2629.376376	0.091091	0.465803	13760.314453
2629.377254	0.090981	0.465803	13840.196289
2629.378233	0.091102	0.465803	13929.385742
2629.379276	0.091058	0.465803	14024.359375
2629.380177	0.090985	0.465803	14106.336914
2630.435846	1.517816	0.388588	755.872437
2630.436756	1.907248	0.388588	2491.468750
2630.437619	1.859136	0.388588	4095.902832
2630.438716	1.790559	0.388588	6060.145996
2630.439709	1.728365	0.388588	7776.413086
2630.440602	1.675232	0.388588	9272.395508
2630.441484	1.625522	0.388588	10706.106445
2630.442490	1.572301	0.388588	12287.841797
2630.443426	0.967701	0.388588	13193.610352
2630.444356	0.093809	0.388588	13280.852539
2630.445212	0.090996	0.388588	13358.745117
2630.446238	0.091055	0.388588	13452.166992
2630.447130	0.091069	0.388588	13533.400391
2630.448007	0.091069	0.388588	13613.268555
2630.448970	0.091073	0.388588	13700.971680
2630.449921	0.090923	0.388588	13787.439453
2630.450841	0.091066	0.388588	13871.219727
2630.451705	0.091025	0.388588	13949.865234
2630.452735	0.091110	0.388588	14043.708008
2631.451335	1.460500	0.456610	628.015198
2631.452355	1.903524	0.456610	2569.609863
2631.453293	1.853899	0.456610	4308.566895
2631.454175	1.796697	0.456610	5893.253418
2631.455173	1.735759	0.456610	7625.541016
2631.456186	1.673990	0.456610	9321.292969
2631.457079	1.623296	0.456610	10770.896484
2631.457939	1.575106	0.456610	12125.488281
2631.459024	0.906830	0.456610	13109.398437
2631.459938	0.092582	0.456610	13194.018555
2631.460817	0.091033	0.456610	13274.036133
2631.461783	0.091132	0.456610	13362.069336
2631.462809	0.091047	0.456610	13455.484375
2631.463696	0.091062	0.456610	13536.256836
2631.464557	0.091011	0.456610	13614.617187
2631.465620	0.091150	0.456610	13711.509766
2631.466561	0.090992	0.456610	13797.133789
2631.467422	0.091106	0.456610	13875.576172
2631.468474	0.091139	0.456610	13971.454102
2632.522519	1.541290	0.400367	784.516724
2632.523402	1.907289	0.400367	2468.652832
2632.524283	1.857766	0.400367	4105.344727
2632.525388	1.789603	0.400367	6082.856445
2632.526350	1.729493	0.400367	7746.628906
2632.527215	1.677521	0.400367	9197.684570
2632.528246	1.619758	0.400367	10867.655273
2632.529291	1.563651	0.400367	12501.670898
2632.530186	0.817914	0.400367	13233.704102
2632.531130	0.092322	0.400367	13320.855469
2632.532197	0.091080	0.400367	13418.038086
2632.533121	0.091066	0.400367	13502.182617
2632.533985	0.090919	0.400367	13580.736328
2632.535025	0.091168	0.400367	13675.550781
2632.536045	0.090916	0.400367	13768.284180
2632.536934	0.090967	0.400367	13849.153320
2632.537898	0.091099	0.400367	13936.972656
2632.538937	0.091058	0.400367	14031.582031
2632.539867	0.090934	0.400367	14116.150391
2633.537469	1.473534	0.456663	626.251892
2633.538598	1.899584	0.456663	2770.882080
2633.539563	1.845985	0.456663	4552.257812
2633.540444	1.788054	0.456663	6127.533203
2633.541485	1.723326	0.456663	7921.516113
2633.542520	1.662792	0.456663	9642.505859
2633.543414	1.612258	0.456663	11083.865234
2633.544294	1.564889	0.456663	12460.967773
2633.545245	0.801332	0.456663	13223.034180
2633.546233	0.091146	0.456663	13313.086914
2633.547154	0.090996	0.456663	13396.894531
2633.548018	0.090970	0.456663	13475.493164
2633.549049	0.091117	0.456663	13569.434570
2633.549920	0.091044	0.456663	13648.733398
2633.550796	0.090945	0.456663	13728.401367
2633.551655	0.091044	0.456663	13806.607422
2633.552707	0.091007	0.456663	13902.346680
2633.553595	0.091033	0.456663	13983.183594
2633.554477	0.091029	0.456663	14063.471680
2634.610984	1.501989	0.387218	802.061890
2634.612047	1.898730	0.387218	2820.412354
2634.612976	1.845758	0.387218	4535.121582
2634.613839	1.787736	0.387218	6077.937500
2634.614901	1.722180	0.387218	7906.893066
2634.615919	1.662228	0.387218	9599.041016
2634.616814	1.612540	0.387218	11042.264648
2634.617801	1.559901	0.387218	12581.886719
2634.618862	0.483527	0.387218	13094.908203
2634.619775	0.090908	0.387218	13177.907227
2634.620636	0.091055	0.387218	13256.305664
2634.621743	0.091216	0.387218	13357.281250
2634.622722	0.091047	0.387218	13446.416992
2634.623591	0.091000	0.387218	13525.496094
2634.624633	0.091102	0.387218	13620.424805
2634.625685	0.091047	0.387218	13716.207031
2634.626581	0.090901	0.387218	13797.654297
2634.627476	0.091110	0.387218	13879.197266
2634.628567	0.091047	0.387218	13978.530273
2635.626186	1.467052	0.461903	641.101746
2635.627053	1.908351	0.461903	2295.641846
2635.628120	1.854712	0.461903	4274.619141
2635.629117	1.790164	0.461903	6059.412109
2635.630014	1.734078	0.461903	7614.880371
2635.631017	1.675521	0.461903	9295.427734
2635.632058	1.616078	0.461903	10977.764648
2635.632966	1.566793	0.461903	12400.413086
2635.633834	0.937137	0.461903	13213.848633
2635.634934	0.091758	0.461903	13314.782227
2635.635923	0.091014	0.461903	13404.795898
2635.636800	0.091036	0.461903	13484.634766
2635.637801	0.091135	0.461903	13575.861328
2635.638861	0.091084	0.461903	13672.410156
2635.639731	0.091022	0.461903	13751.598633
2635.640613	0.091117	0.461903	13831.963867
2635.641704	0.091201	0.461903	13931.463867
2635.642670	0.090934	0.461903	14019.305664
2635.643539	0.091022	0.461903	14098.403320
2636.698637	1.526499	0.394215	769.355530
2636.699537	1.906948	0.394215	2485.609131
2636.700402	1.858315	0.394215	4093.052002
2636.701525	1.788351	0.394215	6101.370117
2636.702516	1.727047	0.394215	7812.874023
2636.703389	1.675199	0.394215	9275.322266
2636.704477	1.613734	0.394215	11031.064453
2636.705517	1.558286	0.394215	12651.681641
2636.706417	0.637614	0.394215	13225.534180
2636.707350	0.091216	0.394215	13310.638672
2636.708410	0.091055	0.394215	13407.156250
2636.709350	0.090959	0.394215	13492.658203
2636.710212	0.091121	0.394215	13571.204102
2636.711259	0.091124	0.394215	13666.611328
2636.712267	0.091077	0.394215	13758.416992
2636.713142	0.091091	0.394215	13838.122070
2636.714112	0.091044	0.394215	13926.434570
2636.715157	0.091080	0.394215	14021.613281
2636.716082	0.090916	0.394215	14105.709961
2637.712334	1.481459	0.473912	651.841797
2637.713216	1.909043	0.473912	2335.617676
2637.714206	1.858022	0.473912	4175.060059
2637.715281	1.789625	0.473912	6098.907227
2637.716184	1.732218	0.473912	7663.100098
2637.717056	1.677803	0.473912	9126.144531
2637.718178	1.616752	0.473912	10940.139648
2637.719145	1.565416	0.473912	12453.897461
2637.720022	0.900641	0.473912	13243.759766
2637.721066	0.091857	0.473912	13339.658203
2637.722086	0.090992	0.473912	13432.470703
2637.722976	0.091062	0.473912	13513.515625
2637.723893	0.091058	0.473912	13597.016602
2637.724958	0.091117	0.473912	13694.055664
2637.725894	0.091025	0.473912	13779.255859
2637.726756	0.090985	0.473912	13857.684570
2637.727806	0.091091	0.473912	13953.330078
2637.728826	0.090941	0.473912	14046.089844
2637.729701	0.091022	0.473912	14125.733398
2638.785284	1.525906	0.387895	755.323364
2638.786171	1.907798	0.387895	2447.540039
2638.787099	1.857931	0.387895	4171.700195
2638.788178	1.788878	0.387895	6101.899414
2638.789135	1.729197	0.387895	7756.740723
2638.790000	1.676931	0.387895	9207.286133
2638.791063	1.617469	0.387895	10926.656250
2638.792079	1.563058	0.387895	12514.722656
2638.792972	0.809824	0.387895	13237.895508
2638.793950	0.092454	0.387895	13328.315430
2638.794982	0.091113	0.387895	13422.344727
2638.795905	0.090941	0.387895	13506.283203
2638.796762	0.091036	0.387895	13584.301758
2638.797826	0.091146	0.387895	13681.281250
2638.798819	0.090996	0.387895	13771.640625
2638.799689	0.091091	0.387895	13850.889648
2638.800667	0.091154	0.387895	13940.038086
2638.801722	0.091036	0.387895	14036.081055
2638.802635	0.090945	0.387895	14119.113281
2639.800858	1.545857	0.457686	800.753906
2639.801897	1.900236	0.457686	2775.098633
2639.802799	1.849534	0.457686	4443.377930
2639.803755	1.788325	0.457686	6153.016602
2639.804815	1.721576	0.457686	7977.886719
2639.805762	1.665663	0.457686	9555.269531
2639.806628	1.615840	0.457686	10954.586914
2639.807699	1.559363	0.457686	12624.664062
2639.808713	0.499578	0.457686	13131.235352
2639.809601	0.090934	0.457686	13211.984375
2639.810615	0.091077	0.457686	13304.335937
2639.811655	0.091047	0.457686	13399.025391
2639.812558	0.090959	0.457686	13481.162109
2639.813415	0.091106	0.457686	13559.240234
2639.814504	0.091154	0.457686	13658.506836
2639.815497	0.090978	0.457686	13748.847656
2639.816377	0.091088	0.457686	13829.004883
2639.817355	0.091088	0.457686	13918.088867
2639.818428	0.091113	0.457686	14015.853516
2640.871908	1.506292	0.387847	695.906677
2640.872786	1.908647	0.387847	2371.699219
2640.873652	1.862860	0.387847	3984.936035
2640.874744	1.795129	0.387847	5945.217285
2640.875669	1.736429	0.387847	7551.414551
2640.876543	1.684017	0.387847	9023.246094
2640.877535	1.629122	0.387847	10639.334961
2640.878558	1.572810	0.387847	12248.319336
2640.879448	1.107755	0.387847	13234.221680
2640.880309	0.101752	0.387847	13321.830078
2640.881362	0.091011	0.387847	13417.664062
2640.882294	0.091011	0.387847	13502.486328
2640.883167	0.090978	0.387847	13581.910156
2640.884130	0.091055	0.387847	13669.595703
2640.885150	0.090981	0.387847	13762.396484
2640.886043	0.091044	0.387847	13843.698242
2640.886998	0.091022	0.387847	13930.624023
2640.888050	0.091084	0.387847	14026.444336
2640.888986	0.090945	0.387847	14111.568359
2641.888709	1.450811	0.464167	629.651794
2641.889581	1.909325	0.464167	2294.583008
2641.890628	1.855565	0.464167	4237.359863
2641.891673	1.788706	0.464167	6106.557617
2641.892576	1.731771	0.464167	7670.347168
2641.893520	1.676301	0.464167	9252.775391
2641.894575	1.616243	0.464167	10957.911133
2641.895520	1.565442	0.464167	12437.253906
2641.896391	0.915117	0.464167	13234.321289
2641.897472	0.091677	0.464167	13333.424805
2641.898471	0.091073	0.464167	13424.406250
2641.899358	0.091099	0.464167	13505.210937
2641.900346	0.091154	0.464167	13595.270508
2641.901378	0.091091	0.464167	13689.276367
2641.902291	0.091040	0.464167	13772.395508
2641.903151	0.091099	0.464167	13850.740234
2641.904203	0.091062	0.464167	13946.537109
2641.905201	0.090974	0.464167	14037.329102
2641.906091	0.091025	0.464167	14118.341797
2642.958552	1.499074	0.384467	670.085876
2642.959440	1.908556	0.384467	2364.883545
2642.960318	1.863944	0.384467	4001.426270
2642.961179	1.806017	0.384467	5556.406738
2642.962198	1.744215	0.384467	7333.761719
2642.963121	1.688379	0.384467	8892.135742
2642.964007	1.636989	0.384467	10342.507812
2642.965022	1.582244	0.384467	11948.485352
2642.965921	1.344467	0.384467	13157.161133
2642.966802	0.139841	0.384467	13280.361328
2642.967770	0.090897	0.384467	13368.349609
2642.968727	0.090974	0.384467	13455.412109
2642.969649	0.090927	0.384467	13539.246094
2642.970513	0.091025	0.384467	13617.891602
2642.971539	0.091051	0.384467	13711.309570
2642.972425	0.090970	0.384467	13791.909180
2642.973297	0.091051	0.384467	13871.305664
2642.974215	0.091110	0.384467	13954.944336
2642.975219	0.090992	0.384467	14046.300781
2643.975367	1.461603	0.461400	637.258850
2643.976242	1.909201	0.461400	2307.809326
2643.977221	1.860370	0.461400	4129.111328
2643.978221	1.795562	0.461400	5924.672852
2643.979106	1.739517	0.461400	7464.145020
2643.979974	1.686453	0.461400	8927.986328
2643.981039	1.627174	0.461400	10660.926758
2643.981973	1.576095	0.461400	12133.000000
2643.982848	1.230128	0.461400	13209.362305
2643.983811	0.115822	0.461400	13320.898437
2643.984833	0.091011	0.461400	13413.911133
2643.985726	0.090908	0.461400	13495.091797
2643.986677	0.091040	0.461400	13581.670898
2643.987738	0.091165	0.461400	13678.396484
2643.988676	0.091040	0.461400	13763.791992
2643.989543	0.090996	0.461400	13842.685547
2643.990607	0.091187	0.461400	13939.708008
2643.991612	0.090992	0.461400	14031.155273
2643.992505	0.091003	0.461400	14112.420898
2645.045439	1.455267	0.389172	618.488586
2645.046304	1.906999	0.389172	2268.043213
2645.047404	1.853405	0.389172	4306.788086
2645.048364	1.791742	0.389172	6026.860352
2645.049230	1.736851	0.389172	7530.973145
2645.050301	1.673452	0.389172	9323.240234
2645.051326	1.615972	0.389172	10979.611328
2645.052210	1.567950	0.389172	12365.679687
2645.053094	0.982808	0.389172	13234.481445
2645.054029	0.095826	0.389172	13324.079102
2645.055018	0.091007	0.389172	13414.084961
2645.055930	0.090956	0.389172	13497.037109
2645.056822	0.091014	0.389172	13578.221680
2645.057815	0.091099	0.389172	13668.682617
2645.058727	0.090978	0.389172	13751.654297
2645.059648	0.091018	0.389172	13835.482422
2645.060514	0.091062	0.389172	13914.341797
2645.061555	0.091029	0.389172	14009.103516
2645.062442	0.091022	0.389172	14089.839844
2646.064182	1.541902	0.461102	844.962219
2646.065137	1.902733	0.461102	2662.072266
2646.066015	1.853972	0.461102	4289.859863
2646.067000	1.791705	0.461102	6054.689453
2646.068013	1.727443	0.461102	7804.588867
2646.068905	1.674357	0.461102	9298.115234
2646.069769	1.624028	0.461102	10701.275391
2646.070842	1.567569	0.461102	12383.277344
2646.071784	0.872567	0.461102	13205.235352
2646.072651	0.092787	0.461102	13285.681641
2646.073613	0.090992	0.461102	13373.216797
2646.074642	0.091022	0.461102	13466.877930
2646.075535	0.091047	0.461102	13548.183594
2646.076396	0.091077	0.461102	13626.600586
2646.077456	0.091110	0.461102	13723.176758
2646.078409	0.090978	0.461102	13809.878906
2646.079270	0.091029	0.461102	13888.254883
2646.080321	0.091157	0.461102	13984.061523
2646.081336	0.090956	0.461102	14076.381836
2647.132099	1.461584	0.389442	627.019714
2647.133072	1.904674	0.389442	2480.267578
2647.134120	1.849709	0.389442	4418.763184
2647.135053	1.789325	0.389442	6088.203125
2647.135920	1.733474	0.389442	7591.125000
2647.136993	1.671196	0.389442	9384.318359
2647.138005	1.614309	0.389442	11017.999023
2647.138887	1.566925	0.389442	12400.027344
2647.139897	0.762924	0.389442	13170.580078
2647.140941	0.090963	0.389442	13265.545898
2647.141843	0.090875	0.389442	13347.515625
2647.142701	0.091080	0.389442	13425.662109
2647.143775	0.091051	0.389442	13523.451172
2647.144764	0.090956	0.389442	13613.406250
2647.145657	0.090959	0.389442	13694.632812
2647.146645	0.091117	0.389442	13784.656250
2647.147696	0.090992	0.389442	13880.289062
2647.148589	0.090934	0.389442	13961.493164
2647.149465	0.091033	0.389442	14041.238281
2648.151518	1.470780	0.466979	651.555542
2648.152397	1.908519	0.466979	2329.144043
2648.153268	1.864072	0.466979	3952.750977
2648.154310	1.798704	0.466979	5827.000000
2648.155211	1.741381	0.466979	7395.983887
2648.156089	1.688683	0.466979	8878.647461
2648.156987	1.636000	0.466979	10347.775391
2648.157999	1.581218	0.466979	11947.968750
2648.158933	1.285898	0.466979	13148.998047
2648.159821	0.125017	0.466979	13260.013672
2648.160843	0.091062	0.466979	13353.079102
2648.161743	0.090992	0.466979	13434.972656
2648.162613	0.091025	0.466979	13514.165039
2648.163638	0.091099	0.466979	13607.541016
2648.164626	0.090948	0.466979	13697.398437
2648.165498	0.090996	0.466979	13776.747070
2648.166360	0.091088	0.466979	13855.264648
2648.167458	0.091161	0.466979	13955.359375
2648.168360	0.091003	0.466979	14037.444336
2649.218999	1.448104	0.391303	608.203796
2649.220083	1.901697	0.391303	2669.643311
2649.221087	1.846091	0.391303	4523.119141
2649.221984	1.787435	0.391303	6126.448730
2649.222960	1.727670	0.391303	7812.654297
2649.224011	1.665406	0.391303	9562.996094
2649.224927	1.613588	0.391303	11041.042969
2649.225797	1.565068	0.391303	12402.652344
2649.226898	0.619354	0.391303	13084.561523
2649.227899	0.090875	0.391303	13175.527344
2649.228773	0.091080	0.391303	13255.131836
2649.229772	0.091106	0.391303	13346.146484
2649.230822	0.091102	0.391303	13441.803711
2649.231706	0.090989	0.391303	13522.237305
2649.232566	0.091047	0.391303	13600.538086
2649.233667	0.091198	0.391303	13700.946289
2649.234624	0.090970	0.391303	13788.004883
2649.235492	0.090930	0.391303	13866.932617
2649.236515	0.091110	0.391303	13960.137695
2650.240777	1.523599	0.455418	763.322937
2650.241656	1.907578	0.455418	2440.083984
2650.242570	1.858407	0.455418	4138.667969
2650.243640	1.790380	0.455418	6054.374023
2650.244597	1.730431	0.455418	7710.396484
2650.245464	1.678586	0.455418	9165.730469
2650.246526	1.619323	0.455418	10885.451172
2650.247553	1.563864	0.455418	12491.539062
2650.248443	0.839187	0.455418	13238.416016
2650.249391	0.092736	0.455418	13326.329102
2650.250443	0.091121	0.455418	13422.187500
2650.251356	0.091077	0.455418	13505.340820
2650.252269	0.091069	0.455418	13588.487305
2650.253142	0.090978	0.455418	13667.911133
2650.254170	0.091029	0.455418	13761.489258
2650.255069	0.090883	0.455418	13843.192383
2650.255948	0.091128	0.455418	13923.293945
2650.256876	0.090985	0.455418	14007.728516
2650.257876	0.090978	0.455418	14098.706055
2651.304889	1.441241	0.388846	602.438904
2651.305787	1.906282	0.388846	2314.280029
2651.306896	1.851225	0.388846	4367.289062
2651.307853	1.789094	0.388846	6079.452148
2651.308723	1.734122	0.388846	7588.138672
2651.309784	1.671800	0.388846	9361.918945
2651.310809	1.614005	0.388846	11016.274414
2651.311693	1.566475	0.388846	12401.038086
2651.312681	0.795084	0.388846	13186.581055
2651.313718	0.091143	0.388846	13281.095703
2651.314636	0.090978	0.388846	13364.613281
2651.315493	0.091084	0.388846	13442.671875
2651.316556	0.091245	0.388846	13539.665039
2651.317556	0.090948	0.388846	13630.613281
2651.318426	0.091099	0.388846	13709.869141
2651.319395	0.091157	0.388846	13798.200195
2651.320448	0.091055	0.388846	13894.081055
2651.321355	0.091022	0.388846	13976.637695
2651.322221	0.091077	0.388846	14055.509766
